id1	id2	promoterdis	length1	length2	overlap	overlapc	sin1	sin2	sin3	snuc
AT3G58520	AT3G58530	1	1779	2822	1	A	1	0	1	1
AT5G40090	AT5G40100	6	1815	3846	6	A	0	0	1	1
AT1G07950	AT1G07960	8	1341	1933	8	A	1	1	1	1
AT1G06660	AT1G06670	9	3109	7246	9	A	0	1	1	1
AT4G31150	AT4G31160	12	2048	7485	12	A	1	1	1	1
AT2G37680	AT2G37690	14	2373	4894	14	A	1	1	1	1
AT1G80950	AT1G80960	16	2991	3925	16	A	1	0	1	1
AT4G38150	AT4G38160	16	1713	2065	16	A	0	0	1	1
AT4G21860	AT4G21865	18	2080	1578	18	A	0	0	1	1
AT3G21280	AT3G21290	19	4196	6830	19	A	1	1	1	1
AT3G24495	AT3G24500	21	5946	1417	21	A	1	0	1	1
AT1G28530	AT1G28540	21	3654	1787	21	A	1	1	1	1
AT3G10850	AT3G10860	23	1995	1377	23	A	1	1	1	1
AT1G75690	AT1G75700	25	1791	1618	25	A	0	0	1	1
AT1G74390	AT1G74400	28	2418	1465	28	A	1	0	1	1
AT5G14900	AT5G14910	28	906	2100	28	A	1	0	0	0
AT3G09660	AT3G09670	30	4999	2858	30	A	1	0	1	1
AT3G45880	AT3G45890	31	2696	2790	31	A	0	0	1	1
AT5G10050	AT5G10030	42	1503	6981	42	A	1	1	1	1
AT5G27550	AT5G27560	46	4105	2962	46	A	0	0	1	1
AT4G12010	AT4G12020	49	4581	8171	49	A	1	0	1	1
AT5G06260	AT5G06265	51	2489	3127	51	A	1	1	1	1
AT2G42120	AT2G42130	52	3105	1873	52	A	1	1	1	1
AT1G68862	AT1G68870	53	2455	661	53	A	1	0	0	0
AT4G32680	AT4G32690	57	1812	1995	57	A	1	1	1	1
AT3G11620	AT3G11630	64	2889	1927	64	A	1	1	1	1
AT3G07525	AT3G07530	69	1653	3966	69	A	0	0	1	1
AT5G46085	AT5G46090	82	252	645	82	A	0	0	1	1
AT3G13674	AT3G13677	92	1360	1206	92	A	1	1	1	1
AT3G23860	AT3G23870	93	2482	2758	93	A	0	0	1	1
AT2G40770	AT2G40780	101	8338	1440	101	A	1	1	1	1
AT4G19095	AT4G19100	106	633	1037	106	A	0	0	0	1
AT5G27440	AT5G27450	113	1044	2862	113	A	0	0	1	1
AT5G55810	AT5G55820	118	2434	7849	118	A	1	1	1	1
AT1G61440	AT1G61450	119	3978	1118	119	A	0	1	1	1
AT3G22560	AT3G22565	133	928	1922	133	A	0	0	1	1
AT4G20290	AT4G20300	145	426	3722	145	A	1	0	1	0
AT2G07692	AT2G07693	152	839	1421	152	A	1	0	0	0
AT2G31141	AT2G31150	159	809	2204	159	A	1	1	1	0
AT5G51110	AT5G51120	161	1988	2136	161	A	0	0	1	1
AT5G13840	AT5G13850	162	2959	1513	162	A	1	1	1	1
AT2G23118	AT2G23120	183	144	793	143	B	0	0	1	0
AT2G19670	AT2G19680	228	2040	2010	228	A	1	1	1	1
AT4G30097	AT4G30100	229	144	6625	143	B	1	0	0	0
AT5G45010	AT5G45020	236	1486	2629	236	A	1	1	1	1
AT5G15740	AT5G15745	251	3168	303	251	A	0	0	1	0
AT1G48160	AT1G48170	261	2527	1484	261	A	1	1	1	1
AT3G09540	AT3G09550	261	2611	3265	261	A	0	0	1	1
AT5G63470	AT5G63480	267	1286	1803	267	A	1	1	1	1
AT5G41850	AT5G41860	269	1523	768	269	A	0	0	1	1
AT4G36160	AT4G36170	269	3497	5963	269	A	0	1	0	0
AT3G04710	AT3G04690	277	4503	3889	277	A	1	0	1	0
AT3G04690	AT3G04700	277	3889	1157	277	A	1	0	0	0
AT2G29590	AT2G29600	282	975	2146	282	A	1	0	1	0
AT5G25640	AT5G25750	289	1659	260	259	B	1	0	0	0
AT4G24026	AT4G24030	290	511	387	290	A	0	1	0	0
AT5G41150	AT5G41160	298	4654	1318	298	A	1	0	1	1
AT2G45320	AT2G45330	299	2082	2164	299	A	1	1	1	1
AT1G05720	AT1G05730	303	1385	2033	303	A	1	1	1	1
AT2G38570	AT2G38580	322	2195	4040	322	A	1	1	1	1
AT5G50562	AT5G50565	329	174	2066	173	B	1	1	0	0
AT5G47960	AT5G47970	330	1147	3670	330	A	1	0	1	1
AT2G18270	AT2G18280	332	249	2249	248	B	1	1	1	0
AT2G33685	AT2G33690	341	381	490	341	A	0	0	1	0
AT2G31900	AT2G31910	362	10100	4526	362	A	1	0	1	1
AT5G66330	AT5G66335	380	1506	435	380	A	0	0	1	1
AT2G27505	AT2G27507	383	1333	256	255	B	0	0	1	0
AT2G32890	AT2G32900	387	1400	4021	387	A	1	1	1	0
AT5G04470	AT5G04475	396	792	338	337	B	0	0	1	0
AT1G21770	AT1G21780	397	516	2133	397	A	1	1	1	1
AT3G61530	AT3G61540	404	2386	2526	404	A	1	1	1	1
AT1G29840	AT1G29850	406	2135	2623	406	A	1	1	1	1
AT1G72750	AT1G72755	408	1071	321	320	B	0	0	1	0
AT1G34315	AT1G34317	409	2416	444	409	A	0	0	0	1
AT3G49080	AT3G49100	409	2525	2185	409	A	1	1	1	1
AT5G67380	AT5G67385	416	3114	3768	416	A	0	1	1	1
AT1G55330	AT1G55335	419	419	364	362	A	0	0	1	1
AT4G21510	AT4G21515	421	1581	445	421	A	0	0	1	0
AT1G62510	AT1G62515	444	790	694	444	A	0	0	1	0
AT1G08000	AT1G08005	445	2487	444	443	B	1	0	1	0
AT3G10525	AT3G10527	455	826	375	374	B	0	0	1	0
AT2G18969	AT2G18970	458	575	640	458	A	0	0	1	1
AT4G35480	AT4G35485	458	871	496	458	A	0	0	1	1
AT1G70470	AT1G70475	462	765	1572	462	A	0	0	1	0
AT1G21160	AT1G21170	465	5365	6814	465	A	1	1	1	1
AT1G67855	AT1G67856	472	621	1287	472	A	1	0	0	0
AT5G15580	AT5G15581	488	3857	312	311	B	1	1	0	1
AT3G54910	AT3G54920	495	2842	3430	495	A	1	1	1	1
AT1G68723	AT1G68725	533	566	981	533	A	0	0	1	1
AT5G26980	AT5G26990	536	2960	3409	536	A	1	1	1	1
AT5G11970	AT5G11975	547	976	395	394	B	0	0	1	1
AT1G15825	AT1G15830	548	536	2558	535	B	0	0	1	0
AT1G14450	AT1G14453	549	1388	856	549	A	0	0	1	0
AT5G05653	AT5G05657	578	1198	582	578	A	0	0	1	0
AT2G27389	AT2G27390	594	788	405	404	B	0	0	1	1
AT5G18290	AT5G18300	595	3341	444	443	B	1	0	1	1
AT1G07500	AT1G07510	596	266	7965	265	B	1	1	1	1
AT3G06435	AT3G06436	606	2659	657	606	A	0	0	1	1
AT2G47200	AT2G47210	612	757	4718	612	A	0	0	1	1
AT2G23980	AT2G23985	620	4319	1606	620	A	0	1	1	1
AT2G13550	AT2G13555	623	1519	504	503	B	0	0	1	1
AT2G22460	AT2G22465	629	1095	430	429	B	0	0	0	1
AT2G30760	AT2G30766	638	2452	2898	638	A	0	0	0	1
AT3G02780	AT3G02790	661	3106	493	492	B	1	1	1	1
AT4G22460	AT4G22463	662	700	575	574	B	0	0	1	0
AT1G23980	AT1G23985	665	1300	1693	665	A	0	0	1	1
AT5G66052	AT5G66053	681	788	147	146	B	1	0	0	0
AT1G26880	AT1G26890	688	2973	1658	688	A	1	0	1	1
AT5G07571	AT5G07572	715	992	841	715	A	0	0	0	1
AT5G49640	AT5G49645	719	680	717	676	A	0	0	1	0
AT5G10430	AT5G10435	724	775	585	584	B	0	0	1	1
AT4G00163	AT4G00165	730	733	598	597	B	0	0	1	0
AT1G55365	AT1G55370	735	1049	2682	735	A	0	0	1	1
AT3G44430	AT3G44435	776	1314	429	428	B	0	0	1	1
AT1G30755	AT1G30757	780	4030	805	780	A	0	0	1	1
AT3G27415	AT3G27416	826	927	522	521	B	1	0	1	0
AT5G51580	AT5G51585	842	958	792	791	B	0	0	1	0
AT1G64790	AT1G64795	849	18607	270	269	B	0	0	1	0
AT5G61930	AT5G61940	867	3727	5010	867	A	0	0	1	1
AT2G25880	AT2G25890	888	3540	877	876	B	0	0	1	0
AT5G61490	AT5G61495	888	1228	718	717	B	1	0	0	1
AT4G23960	AT4G23970	915	1140	303	302	B	0	0	0	1
AT1G72540	AT1G72545	929	1793	678	677	B	0	0	0	1
AT3G53235	AT3G53240	929	858	5413	857	B	0	0	0	1
AT3G59400	AT3G59410	945	1296	10560	945	A	0	0	1	1
AT2G29480	AT2G29485	975	1124	849	848	B	0	0	1	1
AT3G58100	AT3G58110	994	2570	2968	994	A	0	1	1	1
AT4G12550	AT4G12555	1001	654	953	604	A	0	0	1	1
AT2G02490	AT2G02493	1014	1244	914	913	B	0	0	1	0
AT1G03410	AT1G03420	1019	3248	1076	1019	A	1	1	0	0
AT3G20898	AT3G20900	1035	1000	687	650	A	0	0	1	1
AT2G41750	AT2G41760	1058	1193	2683	1058	A	1	1	1	1
AT4G03500	AT4G03490	1067	3613	4984	1067	A	1	0	1	1
AT5G06640	AT5G06645	1095	2215	692	691	B	0	0	1	1
AT2G35930	AT2G35935	1118	1616	988	987	B	0	0	1	0
AT3G01470	AT3G01475	1118	1902	612	611	B	0	0	1	1
AT3G26510	AT3G26512	1131	2575	496	495	B	0	0	1	0
AT5G10695	AT5G10700	1152	445	849	140	A	1	1	1	1
AT4G19645	AT4G19650	1157	3074	4325	1157	A	0	0	1	1
AT5G59890	AT5G59895	1163	1372	183	182	B	0	0	1	0
AT2G05753	AT2G05755	1176	547	3184	546	B	1	1	0	0
AT3G17650	AT3G17655	1224	2927	1376	1224	A	0	0	1	1
AT5G05085	AT5G05090	1225	1356	1136	1135	B	0	0	1	1
AT5G53810	AT5G53815	1227	2871	435	434	B	1	1	0	0
AT3G06868	AT3G06870	1230	1393	1114	1113	B	1	1	1	0
AT2G04378	AT2G04380	1233	1847	1126	1125	B	1	1	1	1
AT5G56980	AT5G56985	1267	1473	429	428	B	0	0	1	0
AT2G44993	AT2G45000	1271	1402	3716	1271	A	0	0	1	0
AT1G21310	AT1G21313	1276	1744	522	521	B	0	0	1	1
AT1G53970	AT1G53980	1309	1331	830	829	B	0	0	1	1
AT5G22140	AT5G22145	1313	1614	603	602	B	0	0	1	0
AT5G12440	AT5G12450	1317	7074	240	239	B	0	1	0	0
AT1G12310	AT1G12320	1403	1375	3719	1374	B	1	0	1	1
AT4G30660	AT4G30662	1411	687	882	156	A	1	1	1	1
AT3G01950	AT3G01960	1412	545	1492	544	B	0	0	1	0
AT5G13290	AT5G13295	1425	2537	369	368	B	0	0	1	1
AT1G53480	AT1G53490	1445	1666	3686	1445	A	1	1	1	1
AT2G34325	AT2G34330	1461	1476	863	862	B	0	0	1	1
AT4G33465	AT4G33467	1487	1243	617	371	A	0	0	1	1
AT4G01895	AT4G01897	1523	423	1140	38	A	1	0	1	1
AT2G07655	AT2G07776	1578	881	883	184	A	0	0	1	1
AT5G15760	AT5G15770	1593	1617	567	566	B	0	1	1	1
AT1G80160	AT1G80165	1604	1718	351	350	B	0	0	1	1
AT4G20830	AT4G20835	1649	2240	1570	1569	B	0	0	1	1
AT2G37910	AT2G37920	1672	699	1732	698	B	0	0	0	1
AT2G29430	AT2G29440	1677	474	1602	397	A	1	1	1	1
AT1G63380	AT1G63390	1717	1261	507	49	A	1	1	0	1
AT2G46200	AT2G46210	1717	4695	1966	1717	A	1	1	1	1
AT5G20640	AT5G20650	1727	1126	624	21	A	0	0	1	1
AT3G52530	AT3G52526	1731	1564	3079	1563	B	0	0	1	0
AT1G72060	AT1G72070	1741	835	1298	390	A	1	1	1	1
AT5G61650	AT5G61660	1754	1799	1293	1292	B	0	0	1	1
AT1G08250	AT1G08260	1755	1834	18039	1755	A	1	0	1	1
AT1G29535	AT1G29540	1770	1979	760	759	B	0	0	1	1
AT3G03740	AT3G03750	1770	4793	2195	1770	A	1	1	1	1
AT5G23030	AT5G23035	1782	1668	530	414	A	0	0	1	0
AT1G68585	AT1G68590	1811	964	1008	159	A	0	0	1	1
AT4G22520	AT4G22530	1812	357	1983	356	B	0	0	1	0
AT5G09990	AT5G09995	1812	531	1336	53	A	0	0	1	1
AT2G40160	AT2G40165	1814	2086	1645	1644	B	0	0	1	1
AT3G20670	AT3G20680	1814	695	1155	34	A	0	0	1	1
AT1G14150	AT1G14160	1818	891	1009	80	A	0	0	0	1
AT4G00525	AT4G00530	1862	1160	717	13	A	1	0	1	1
AT5G05365	AT5G05370	1867	826	1086	43	A	1	1	1	1
AT3G22670	AT3G22680	1869	1824	2876	1823	B	0	1	1	1
AT1G06530	AT1G06540	1876	1120	2041	1119	B	1	0	1	1
AT1G52820	AT1G52825	1880	1237	665	20	A	1	1	1	1
AT1G06320	AT1G06330	1906	927	1201	220	A	0	0	1	1
AT5G51105	AT5G51110	1914	545	1988	544	B	0	0	1	0
AT1G68725	AT1G68730	1914	981	1027	92	A	0	0	1	1
AT5G41680	AT5G41685	1923	1721	476	272	A	1	1	1	1
AT5G15530	AT5G15533	1929	1751	180	0	A	0	0	0	1
AT5G02560	AT5G02570	1951	1992	522	521	B	1	0	1	1
AT3G07590	AT3G07600	1971	1544	906	477	A	1	0	1	1
AT1G24880	AT1G24822	1981	2172	2886	1981	A	1	1	0	0
AT1G71740	AT1G71750	1992	586	1409	1	A	0	0	1	1
AT1G73440	AT1G73445	1996	1462	735	199	A	1	0	0	0
AT4G28280	AT4G28290	2012	2016	1618	1617	B	1	0	1	0
AT4G16400	AT4G16410	2022	2107	687	686	B	1	0	1	1
AT3G55890	AT3G55900	2043	1832	488	275	A	0	1	1	1
AT2G48070	AT2G48075	2052	1751	852	549	A	0	0	1	1
AT2G31090	AT2G31100	2085	978	1439	330	A	1	1	0	1
AT3G63255	AT3G63260	2085	676	2056	645	A	0	0	1	0
AT4G37409	AT4G37410	2087	2143	2061	2060	B	1	1	1	1
AT1G49225	AT1G49230	2097	5079	839	838	B	0	0	1	1
AT1G26290	AT1G26300	2116	1322	3923	1321	B	0	1	1	1
AT2G22088	AT2G22090	2122	666	2144	665	B	1	0	0	1
AT1G76750	AT1G76760	2124	682	1480	36	A	1	0	1	0
AT4G10100	AT4G10110	2124	781	1462	117	A	1	1	1	1
AT2G41110	AT2G41120	2138	1117	1130	107	A	1	1	1	1
AT3G16040	AT3G16050	2140	872	1270	0	A	0	1	1	1
AT2G43550	AT2G43560	2145	609	1558	20	A	0	0	1	1
AT2G28670	AT2G28671	2155	2094	1834	1771	A	0	0	1	0
AT4G18197	AT4G18203	2178	2077	916	813	A	0	0	0	1
AT1G74055	AT1G74060	2207	586	2221	585	B	1	1	1	1
AT5G24314	AT5G24316	2225	1445	794	12	A	0	0	1	0
AT3G24100	AT3G24110	2228	934	1315	19	A	0	0	1	1
AT2G01400	AT2G01410	2239	1450	1296	505	A	1	1	1	1
AT5G59230	AT5G59240	2247	962	1306	19	A	0	1	1	0
AT1G51390	AT1G51400	2253	1797	481	23	A	0	0	1	1
AT2G32645	AT2G32650	2257	1677	992	410	A	1	0	0	0
AT3G18773	AT3G18775	2267	1428	1685	844	A	0	0	1	1
AT2G41340	AT2G41342	2304	2350	523	522	B	0	0	1	1
AT3G54420	AT3G54430	2316	2362	1596	1595	B	1	0	1	1
AT4G00760	AT4G00770	2320	6453	2321	2320	A	1	0	1	1
AT2G07787	AT2G07658	2323	1832	1615	1122	A	0	0	0	1
AT5G58640	AT5G58650	2338	1786	556	2	A	1	0	1	1
AT1G69325	AT1G69330	2343	701	1857	213	A	0	0	1	1
AT1G71865	AT1G71866	2345	1445	1035	133	A	1	1	0	0
AT2G01860	AT2G01870	2345	1790	936	379	A	1	0	1	1
AT5G02065	AT5G02070	2351	2466	2326	2325	B	0	0	1	0
AT5G10600	AT5G10605	2355	1858	2197	1698	A	0	0	1	1
AT1G65350	AT1G65347	2378	4758	794	793	B	0	1	0	0
AT1G78476	AT1G78480	2381	2303	863	783	A	0	0	1	1
AT2G33450	AT2G33460	2382	908	1822	346	A	0	0	1	1
AT4G33355	AT4G33360	2387	834	1569	14	A	1	1	0	0
AT1G01160	AT1G01170	2392	1706	738	50	A	1	1	1	1
AT5G18140	AT5G18150	2404	2393	716	703	A	1	1	1	1
AT3G04890	AT3G04900	2405	2564	717	716	B	0	0	1	1
AT5G42290	AT5G42300	2411	619	2413	618	B	1	1	1	0
AT2G18390	AT2G18400	2413	1361	1081	27	A	1	1	1	1
AT5G04750	AT5G04760	2415	1385	1060	28	A	1	1	1	1
AT5G57760	AT5G57770	2433	551	2287	403	A	1	1	0	0
AT4G03140	AT4G03150	2453	1722	913	180	A	0	1	1	1
AT2G39975	AT2G39980	2465	532	2510	531	B	0	0	1	0
AT5G54165	AT5G54170	2476	396	2165	83	A	1	0	1	1
AT3G07500	AT3G07510	2478	1563	1009	92	A	1	0	1	1
AT5G02710	AT5G02720	2482	1890	1610	1016	A	0	0	1	0
AT3G52105	AT3G52110	2495	670	1900	73	A	0	1	1	1
AT3G16980	AT3G16990	2501	1436	1771	704	A	0	0	1	1
AT1G19540	AT1G19550	2505	2638	708	707	B	0	0	1	0
AT1G74030	AT1G74035	2506	2722	333	332	B	0	0	1	0
AT3G04300	AT3G04310	2523	932	1610	17	A	1	0	1	1
AT5G48200	AT5G48205	2532	2016	1781	1263	A	0	0	1	0
AT3G04440	AT3G04443	2540	1967	2698	1966	B	0	0	1	1
AT5G58790	AT5G58800	2542	1252	1378	86	A	1	0	1	1
AT4G30845	AT4G30850	2551	566	2247	260	A	1	0	1	1
AT3G27809	AT3G27810	2554	987	4644	986	B	0	0	1	0
AT4G10910	AT4G10920	2554	744	2555	743	A	1	0	1	0
AT2G39375	AT2G39380	2569	2667	2078	2077	B	0	0	1	1
AT1G75780	AT1G75785	2575	2588	639	638	B	0	0	1	0
AT3G19680	AT3G19690	2575	2040	637	100	A	0	0	1	0
AT4G37480	AT4G37483	2586	2706	228	227	B	0	1	0	0
AT5G57820	AT5G57830	2597	746	1908	55	A	1	1	1	0
AT5G11810	AT5G11820	2602	2071	632	99	A	1	1	0	0
AT5G51380	AT5G51390	2602	2158	453	7	A	1	0	1	1
AT4G22510	AT4G22513	2608	2622	526	525	B	1	0	0	0
AT3G01830	AT3G01840	2624	3240	2067	2066	B	1	1	1	1
AT2G25950	AT2G25964	2627	2013	649	33	A	1	1	1	1
AT5G41860	AT5G41870	2642	768	1899	23	A	0	0	1	1
AT1G68290	AT1G68300	2670	1768	997	93	A	1	1	1	1
AT4G23610	AT4G23620	2676	805	1940	67	A	0	0	0	1
AT1G52580	AT1G52590	2676	1450	1270	42	A	0	0	1	1
AT3G10400	AT3G10405	2681	1092	2833	1091	B	1	0	1	1
AT1G13690	AT1G13700	2693	1024	1672	1	A	0	0	1	1
AT5G60220	AT5G60230	2693	1198	1606	109	A	0	0	1	0
AT5G43770	AT5G43780	2702	678	2092	66	A	1	0	1	0
AT3G52470	AT3G52480	2706	1477	1262	31	A	0	0	1	1
AT5G47670	AT5G47680	2708	1392	1319	1	A	1	0	1	1
AT1G06515	AT1G06500	2713	1548	1259	92	A	1	0	1	1
AT4G25140	AT4G25150	2721	1148	1618	43	A	0	0	1	0
AT3G54080	AT3G54085	2724	1756	1411	441	A	1	1	1	1
AT1G02420	AT1G02430	2745	1572	1283	108	A	0	0	1	1
AT5G64400	AT5G64401	2746	2975	162	161	B	1	0	1	0
AT5G63300	AT5G63310	2764	927	1933	94	A	1	1	1	1
AT1G20065	AT1G20070	2774	1702	1139	65	A	1	1	1	1
AT3G15920	AT3G15930	2775	6625	2247	2246	B	0	0	0	1
AT1G53120	AT1G53130	2793	2028	822	55	A	0	0	1	1
AT5G18210	AT5G18220	2793	1123	1677	5	A	1	0	1	0
AT5G58560	AT5G58570	2796	2365	593	160	A	1	1	1	1
AT3G22183	AT3G22190	2809	243	3028	242	B	1	1	0	0
AT2G42680	AT2G42690	2814	1390	1463	37	A	1	1	1	1
AT4G20030	AT4G20040	2829	1107	1817	93	A	1	0	1	1
AT1G08310	AT1G08315	2842	1806	1093	55	A	1	0	1	1
AT4G38250	AT4G38260	2849	1576	1335	60	A	1	1	1	1
AT2G34460	AT2G34470	2860	1216	1751	105	A	1	0	1	1
AT5G55200	AT5G55210	2873	2023	909	57	A	1	1	1	1
AT1G65030	AT1G65032	2873	1908	986	19	A	1	1	1	1
AT5G01570	AT5G01580	2878	1825	1093	38	A	0	1	1	0
AT1G52330	AT1G52340	2882	1160	1754	30	A	0	1	1	1
AT5G02140	AT5G02150	2885	1236	1788	137	A	1	0	1	1
AT2G24440	AT2G24450	2901	2860	1190	1147	A	0	1	0	0
AT2G32470	AT2G32480	2901	1723	1553	373	A	1	1	0	0
AT2G43340	AT2G43350	2902	964	1956	16	A	1	1	1	1
AT3G15190	AT3G15200	2905	1388	1572	53	A	1	0	1	1
AT4G28310	AT4G28320	2915	810	2130	23	A	1	1	1	1
AT1G17860	AT1G17870	2921	715	2284	76	A	1	1	1	1
AT3G27750	AT3G27770	2927	1067	2072	210	A	1	1	1	1
AT4G38092	AT4G38100	2928	1619	1330	19	A	0	0	1	1
AT3G57360	AT3G57370	2935	1500	1743	306	A	0	0	1	0
AT5G44140	AT5G44150	2937	1176	1798	35	A	1	0	0	0
AT5G19780	AT5G19790	2947	2063	942	56	A	1	0	1	1
AT5G02120	AT5G02130	2947	608	2411	70	A	0	0	1	1
AT4G13160	AT4G13170	2949	1322	3001	1321	B	1	1	1	1
AT5G27200	AT5G27210	2950	1029	2070	147	A	1	0	1	1
AT4G14520	AT4G14530	2955	2019	961	23	A	0	0	1	0
AT3G48320	AT3G48330	2957	1675	1346	62	A	0	1	0	1
AT3G58710	AT3G58720	2960	1859	1454	351	A	1	0	1	1
AT5G12380	AT5G12390	2966	1520	1692	244	A	1	0	1	0
AT4G18370	AT4G18372	2968	2024	1021	75	A	0	1	1	1
AT2G41510	AT2G41515	2972	2943	2087	2056	A	0	0	0	1
AT3G01990	AT3G02000	2973	3034	798	797	B	0	0	1	1
AT4G00650	AT4G00651	2978	2603	393	16	A	1	0	1	1
AT2G47780	AT2G47790	2987	995	2040	46	A	0	0	1	0
AT3G52030	AT3G52040	3003	2444	596	35	A	1	1	1	1
AT2G35765	AT2G35770	3019	555	2520	54	A	0	0	1	0
AT1G05750	AT1G05760	3025	3226	801	800	B	0	0	1	1
AT5G15290	AT5G15300	3034	1082	1957	3	A	0	0	1	1
AT3G13530	AT3G13540	3040	11313	1792	1791	B	0	0	1	0
AT1G76050	AT1G76060	3044	2358	756	68	A	1	1	1	1
AT2G20820	AT2G20825	3044	1370	1688	12	A	0	0	1	1
AT1G66820	AT1G66830	3050	741	3040	729	A	0	0	0	1
AT2G37530	AT2G37540	3052	758	2359	63	A	0	0	1	1
AT5G10530	AT5G10540	3056	3045	10160	3044	B	1	0	1	1
AT5G17580	AT5G17590	3059	2977	844	760	A	0	0	1	1
AT1G23290	AT1G23300	3064	568	3110	567	B	0	0	1	0
AT5G67300	AT5G67310	3064	1985	1871	790	A	1	1	1	1
AT5G59400	AT5G59410	3069	1896	1218	43	A	1	0	1	1
AT1G07010	AT1G07020	3078	2311	786	17	A	0	0	1	1
AT2G20495	AT2G20500	3087	2306	925	142	A	1	1	1	1
AT4G00850	AT4G00860	3092	1993	1101	0	A	1	1	1	1
AT5G05960	AT5G05965	3096	1296	1847	45	A	0	0	1	1
AT1G32870	AT1G32880	3104	2317	808	19	A	1	0	1	0
AT3G10620	AT3G10630	3109	1560	1810	259	A	1	1	1	1
AT3G56250	AT3G56260	3111	2244	1055	186	A	1	0	1	0
AT4G14100	AT4G14090	3113	1647	1648	180	A	1	0	0	0
AT4G01570	AT4G01575	3129	2469	740	78	A	1	1	1	1
AT1G61560	AT1G61562	3137	3387	1114	1113	B	0	0	1	0
AT1G13330	AT1G13340	3154	2664	1593	1101	A	1	0	1	1
AT4G14120	AT4G14130	3157	2278	1249	368	A	1	1	1	1
AT5G28919	AT5G28920	3161	1548	3344	1547	B	1	1	0	0
AT1G15410	AT1G15415	3165	2580	748	161	A	1	0	1	1
AT5G57970	AT5G57980	3171	2304	898	29	A	0	1	1	1
AT5G10610	AT5G10620	3179	1644	1681	144	A	1	1	1	1
AT1G17060	AT1G17065	3185	3395	1728	1727	B	0	0	1	0
AT1G16000	AT1G16010	3187	787	2408	6	A	1	1	1	1
AT5G60620	AT5G60630	3188	2573	755	138	A	1	1	1	1
AT2G16360	AT2G16365	3191	598	5401	597	B	1	1	0	0
AT5G18470	AT5G18475	3197	1339	1884	24	A	1	1	1	1
AT1G52230	AT1G52240	3200	798	2575	171	A	0	0	0	1
AT2G04039	AT2G04040	3202	1205	2281	282	A	0	0	1	1
AT5G27430	AT5G27440	3202	3017	1044	857	A	0	0	1	1
AT5G47640	AT5G47650	3203	1039	2209	43	A	1	1	1	1
AT3G19800	AT3G19810	3208	1485	1726	1	A	1	0	1	1
AT4G26800	AT4G26810	3209	2280	938	7	A	0	0	1	1
AT1G60989	AT1G60990	3211	504	3337	503	B	1	1	1	1
AT2G24480	AT2G24490	3214	597	3426	596	B	1	0	0	0
AT3G51970	AT3G51980	3225	1244	1990	7	A	0	0	1	1
AT2G20540	AT2G20550	3231	2017	1509	293	A	0	0	1	1
AT5G64680	AT5G64685	3232	1335	2031	132	A	1	0	0	0
AT2G24180	AT2G24190	3234	1858	1478	100	A	1	0	1	1
AT5G59750	AT5G59760	3240	2230	1062	50	A	0	0	1	1
AT4G16510	AT4G16515	3243	3237	680	672	A	0	1	1	0
AT5G44930	AT5G44920	3244	3385	1235	1234	B	1	0	1	1
AT3G15518	AT3G15520	3246	556	2847	155	A	1	1	1	1
AT3G10120	AT3G10130	3257	773	3267	772	B	1	0	1	1
AT3G02690	AT3G02700	3265	1964	1349	46	A	1	1	1	1
AT1G80750	AT1G80760	3267	1735	1551	17	A	0	0	1	1
AT1G80890	AT1G80900	3268	1027	2250	7	A	1	1	1	1
AT5G58060	AT5G58070	3269	2191	1356	276	A	1	1	1	1
AT5G39670	AT5G39680	3270	889	2449	66	A	1	0	1	1
AT2G01340	AT2G01350	3271	1307	2083	117	A	1	0	1	1
AT1G77765	AT1G77770	3272	1507	1835	68	A	1	1	1	1
AT4G02040	AT4G02050	3274	801	2514	39	A	0	0	1	1
AT5G35670	AT5G35680	3274	2249	1042	15	A	1	1	1	1
AT4G35410	AT4G35420	3277	1664	1659	44	A	1	0	1	1
AT3G19520	AT3G19530	3278	2876	879	475	A	0	0	0	1
AT2G46100	AT2G46110	3281	1321	2013	51	A	0	1	1	1
AT1G62720	AT1G62730	3286	1619	1760	91	A	0	0	1	1
AT4G25310	AT4G25315	3288	2274	1844	828	A	1	0	1	1
AT5G24165	AT5G24170	3293	1305	1999	9	A	0	0	1	1
AT3G05230	AT3G05240	3297	3314	1698	1697	B	0	0	1	1
AT4G14830	AT4G14840	3302	1251	2494	441	A	1	1	1	1
AT1G71250	AT1G71260	3308	1617	1753	60	A	0	1	1	0
AT1G15810	AT1G15820	3309	2094	1218	1	A	0	0	1	1
AT3G13610	AT3G13620	3323	1553	1834	62	A	1	0	1	1
AT3G27475	AT3G27480	3325	3303	2385	2361	A	0	0	1	0
AT5G51160	AT5G51170	3326	1769	1606	47	A	1	0	1	1
AT2G31953	AT2G31955	3327	645	2719	35	A	0	0	1	0
AT5G03190	AT5G03200	3336	2009	1378	49	A	1	1	1	1
AT1G34630	AT1G34640	3345	2466	966	85	A	1	0	1	1
AT5G03300	AT5G03310	3345	3450	483	482	B	1	0	1	1
AT3G51390	AT3G51400	3348	2503	939	92	A	1	1	1	0
AT5G04600	AT5G04610	3354	3411	1341	1340	B	0	0	1	0
AT5G42980	AT5G42990	3361	1625	1920	182	A	1	1	1	1
AT1G18975	AT1G18980	3362	3292	818	746	A	0	0	1	1
AT1G29670	AT1G29680	3362	2238	1172	46	A	0	0	1	0
AT5G45455	AT5G45460	3373	556	2919	100	A	0	0	1	1
AT4G14890	AT4G14900	3378	607	3436	606	B	1	0	1	1
AT1G02860	AT1G02870	3386	1965	1468	45	A	1	1	1	1
AT2G44750	AT2G44760	3388	1450	1967	27	A	1	1	1	1
AT3G57910	AT3G57920	3393	3542	1793	1792	B	0	0	1	1
AT5G03710	AT5G03720	3403	705	3185	485	A	1	0	1	0
AT5G40410	AT5G40420	3409	1981	1444	14	A	0	0	1	0
AT4G22310	AT4G22320	3412	1469	1966	21	A	0	1	1	1
AT5G20935	AT5G20940	3412	641	2908	135	A	0	0	1	1
AT3G08890	AT3G08900	3415	2214	1864	661	A	1	1	1	0
AT1G59710	AT1G59720	3417	1818	2033	432	A	1	0	0	0
AT1G75335	AT1G75340	3419	429	3011	19	A	1	1	1	1
AT4G30420	AT4G30430	3426	2010	1549	131	A	0	0	1	1
AT2G33390	AT2G33400	3429	1957	1873	399	A	1	1	1	1
AT5G27850	AT5G27860	3433	1907	1783	255	A	1	1	1	1
AT1G65410	AT1G65420	3436	2364	1129	55	A	1	1	1	1
AT5G07110	AT5G07120	3449	831	2649	29	A	1	1	1	1
AT1G60650	AT1G60660	3452	2487	980	13	A	1	1	1	1
AT5G06310	AT5G06320	3454	2609	965	118	A	1	0	1	1
AT3G04550	AT3G04560	3455	1480	2017	40	A	1	0	1	1
AT3G05010	AT3G05020	3471	2191	1295	13	A	1	1	1	1
AT1G56570	AT1G56580	3482	3487	1123	1122	B	0	1	1	1
AT1G68080	AT1G68090	3484	2243	1591	348	A	1	0	0	0
AT3G09300	AT3G09310	3488	2765	958	233	A	1	1	1	1
AT4G02200	AT4G02210	3488	2038	1989	537	A	1	1	1	1
AT5G48800	AT5G48810	3503	2365	1142	2	A	1	1	1	1
AT4G10620	AT4G10630	3514	2217	1316	17	A	0	1	1	1
AT2G27480	AT2G27490	3519	1369	2172	20	A	1	0	1	1
AT3G05250	AT3G05260	3524	1952	1614	40	A	0	0	1	0
AT5G03160	AT5G03170	3529	2625	934	28	A	1	1	1	1
AT1G24030	AT1G24040	3530	2231	2991	1690	A	1	0	1	1
AT2G29540	AT2G29550	3534	1828	1948	240	A	1	1	1	1
AT4G01026	AT4G01030	3534	1365	2702	531	A	1	0	1	1
AT1G78890	AT1G78895	3536	2205	1848	515	A	1	1	1	1
AT5G08780	AT5G08790	3536	2209	1346	17	A	1	1	1	1
AT4G21515	AT4G21520	3563	445	3143	23	A	0	0	1	0
AT2G37330	AT2G37340	3569	1071	2555	55	A	1	1	1	1
AT4G13580	AT4G13590	3570	890	2726	44	A	1	0	1	1
AT2G25605	AT2G25610	3571	1884	1737	48	A	1	1	1	1
AT2G41590	AT2G41600	3580	1646	2304	368	A	0	1	0	0
AT1G09850	AT1G09860	3583	2236	1396	47	A	1	0	1	1
AT3G18240	AT3G18250	3590	3249	367	24	A	0	0	1	1
AT2G18460	AT2G18465	3591	1765	1924	96	A	0	0	1	0
AT5G15880	AT5G15890	3591	1878	1762	47	A	1	0	1	1
AT1G47740	AT1G47750	3594	2729	904	37	A	1	1	1	1
AT3G15260	AT3G15270	3598	3921	1959	1958	B	0	1	0	0
AT3G11590	AT3G11591	3600	3331	443	172	A	1	1	1	1
AT3G49890	AT3G49900	3614	1559	2204	147	A	1	0	1	1
AT1G67430	AT1G67440	3615	1724	1931	38	A	0	0	1	1
AT4G14358	AT4G14360	3615	330	3396	109	A	1	1	0	0
AT3G07140	AT3G07150	3617	2961	916	258	A	1	1	1	1
AT4G01690	AT4G01700	3620	2516	1198	92	A	1	0	1	1
AT4G31010	AT4G31020	3622	1882	2189	447	A	1	1	1	1
AT1G11770	AT1G11780	3630	1773	2399	540	A	0	1	0	0
AT3G54110	AT3G54120	3631	2491	1215	73	A	1	1	1	1
AT1G48880	AT1G48890	3634	2391	1268	23	A	1	0	0	0
AT5G17280	AT5G17290	3637	574	3813	573	B	1	1	1	1
AT1G06450	AT1G06460	3646	1380	2393	125	A	1	0	1	1
AT4G25660	AT4G25670	3647	2190	1796	337	A	1	1	1	1
AT1G43900	AT1G43910	3656	1891	1803	36	A	1	0	1	1
AT5G59470	AT5G59480	3658	933	2819	92	A	1	1	1	1
AT3G52380	AT3G52390	3662	1499	2270	105	A	1	1	1	1
AT1G09460	AT1G09470	3662	1480	2313	129	A	1	1	1	1
AT1G49990	AT1G50000	3666	1476	2233	41	A	0	0	1	1
AT1G29041	AT1G29050	3670	791	2889	8	A	0	0	1	1
AT4G16535	AT4G16540	3670	2181	3661	2170	A	0	0	1	0
AT3G09060	AT3G09050	3674	2688	1314	326	A	0	0	1	1
AT1G08120	AT1G08125	3677	1047	2651	19	A	1	1	0	0
AT1G74730	AT1G74740	3680	1002	2696	16	A	1	1	1	1
AT2G42990	AT2G43000	3692	1620	2180	106	A	0	0	1	1
AT1G05400	AT1G05410	3694	1349	2357	10	A	0	1	1	1
AT4G24380	AT4G24390	3699	1179	3163	641	A	1	1	1	1
AT1G26090	AT1G26100	3701	2390	1477	164	A	1	1	1	1
AT5G67130	AT5G67140	3701	2324	1381	2	A	0	1	1	1
AT1G62600	AT1G62610	3708	1952	1765	7	A	1	1	1	1
AT1G21270	AT1G21280	3712	3735	912	911	B	1	0	1	1
AT1G50900	AT1G50910	3714	926	3181	391	A	0	1	1	1
AT4G27030	AT4G27040	3722	1123	2755	154	A	1	1	1	1
AT5G05470	AT5G05480	3724	1883	1865	22	A	0	1	1	1
AT1G62170	AT1G62180	3726	1915	1993	180	A	1	0	1	0
AT4G02610	AT4G02620	3728	1729	2055	54	A	1	1	1	1
AT4G34120	AT4G34131	3734	2011	1761	36	A	1	0	1	1
AT3G06950	AT3G06960	3734	1468	2312	44	A	0	1	1	1
AT2G02795	AT2G02800	3739	821	4077	820	B	0	0	1	0
AT5G67080	AT5G67090	3747	1336	2453	40	A	1	1	1	1
AT5G39590	AT5G39600	3748	2550	1225	25	A	1	1	1	1
AT1G71480	AT1G71490	3765	1247	2921	401	A	0	0	1	1
AT3G17380	AT3G17390	3769	2046	1730	5	A	0	1	1	1
AT4G19850	AT4G19860	3772	998	2825	49	A	0	0	1	0
AT3G07080	AT3G07090	3777	2082	1761	64	A	1	1	1	1
AT5G16350	AT5G16360	3781	2499	1478	194	A	0	0	1	0
AT5G58210	AT5G58220	3788	2309	1483	2	A	1	1	1	1
AT3G22942	AT3G22950	3790	2128	1690	26	A	1	1	1	1
AT5G01920	AT5G01930	3791	2204	1837	248	A	0	0	1	1
AT5G46700	AT5G46710	3794	2285	1959	448	A	1	1	1	1
AT4G03330	AT4G03340	3796	1467	2354	23	A	0	0	1	1
AT5G53310	AT5G53320	3799	1713	2158	70	A	1	1	1	1
AT5G25630	AT5G25640	3801	2182	1659	38	A	1	1	1	1
AT4G05450	AT4G05460	3802	2270	1944	410	A	1	1	1	1
AT2G47550	AT2G47560	3803	2864	1035	94	A	0	0	0	1
AT3G01350	AT3G01360	3811	2491	2401	1079	A	1	0	1	1
AT4G18830	AT4G18840	3812	2109	3813	2108	A	1	0	0	0
AT1G25150	AT1G25155	3813	1836	2130	151	A	1	1	0	0
AT1G79380	AT1G79390	3814	2826	1048	58	A	1	1	1	1
AT4G23800	AT4G23810	3815	2476	1613	272	A	1	1	1	1
AT3G52710	AT3G52700	3818	1361	6209	1360	B	0	0	1	1
AT5G53360	AT5G53370	3818	1747	2095	22	A	1	0	1	1
AT5G27093	AT5G27100	3826	771	3386	329	A	0	0	1	1
AT2G33520	AT2G33530	3828	975	2894	39	A	0	0	1	1
AT1G51540	AT1G51550	3829	1980	2351	500	A	1	1	1	1
AT3G22520	AT3G22530	3830	3929	895	894	B	1	1	1	1
AT2G44850	AT2G44860	3840	2208	1678	44	A	1	1	1	1
AT2G47170	AT2G47180	3845	2245	1621	19	A	1	1	1	1
AT1G11890	AT1G11900	3871	2321	1572	20	A	1	0	1	1
AT1G34770	AT1G34780	3883	2213	1677	5	A	1	1	1	1
AT3G55830	AT3G55840	3886	2451	1872	435	A	1	1	1	1
AT1G23550	AT1G23560	3891	2064	2005	176	A	1	0	1	1
AT1G18630	AT1G18640	3892	1681	2231	18	A	1	1	1	1
AT3G21520	AT3G21530	3897	835	3117	53	A	0	0	1	1
AT1G12210	AT1G12211	3898	3701	3240	3041	A	0	0	1	1
AT5G25500	AT5G25510	3898	1680	2293	73	A	0	0	1	1
AT5G63280	AT5G63290	3909	2267	1696	52	A	1	0	1	1
AT1G07476	AT1G07480	3913	945	2996	26	A	1	0	0	0
AT5G01225	AT5G01230	3915	653	3864	600	A	0	0	1	1
AT1G80840	AT1G80850	3918	1819	2154	53	A	1	1	1	1
AT5G62540	AT5G62550	3922	1510	2438	24	A	1	1	1	1
AT1G64640	AT1G64630	3922	1140	2816	32	A	1	1	1	1
AT4G03180	AT4G03190	3932	1727	2224	17	A	1	1	1	1
AT2G39910	AT2G39920	3943	2446	1523	24	A	0	0	1	1
AT4G29350	AT4G29360	3945	1336	2632	21	A	1	1	1	1
AT5G40640	AT5G40645	3951	3318	711	76	A	1	0	1	1
AT2G46225	AT2G46230	3952	2311	1691	48	A	1	1	1	1
AT5G52840	AT5G52850	3962	1303	2682	21	A	0	0	1	1
AT1G19350	AT1G19360	3966	2754	1932	718	A	1	1	1	1
AT5G47435	AT5G47440	3976	2317	2118	457	A	1	1	1	1
AT3G01280	AT3G01290	3981	2176	1910	103	A	1	1	1	1
AT5G25340	AT5G25350	3994	1767	2698	469	A	1	1	1	0
AT1G53708	AT1G53710	4003	803	3236	34	A	1	0	1	1
AT1G56310	AT1G56320	4009	3162	952	103	A	1	0	1	1
AT2G01200	AT2G01210	4011	2127	2711	825	A	0	1	1	1
AT5G08360	AT5G08370	4011	1435	2642	64	A	0	1	1	1
AT5G16930	AT5G16940	4017	3472	856	309	A	0	1	1	1
AT5G08270	AT5G08280	4018	1934	2148	62	A	1	1	1	1
AT1G51960	AT1G51965	4021	1510	2730	217	A	0	0	1	0
AT1G24800	AT1G24807	4024	2043	2166	183	A	1	1	0	0
AT3G11020	AT3G11030	4025	1988	3124	1085	A	1	1	1	1
AT5G26700	AT5G26710	4028	1336	2744	50	A	1	1	1	0
AT3G52210	AT3G52220	4032	2403	1660	29	A	1	1	1	1
AT3G52590	AT3G52600	4033	1554	2522	41	A	1	1	0	0
AT1G12810	AT1G12820	4037	1567	2482	10	A	1	1	1	1
AT1G70760	AT1G70770	4040	1149	2946	53	A	1	1	1	0
AT3G57720	AT3G57730	4044	4069	1761	1760	B	0	0	1	1
AT3G12930	AT3G12940	4047	1476	2883	310	A	0	0	1	1
AT1G20140	AT1G20150	4050	1552	3091	591	A	0	0	0	1
AT5G16150	AT5G16160	4056	3224	949	115	A	1	0	1	1
AT1G05835	AT1G05840	4057	568	3550	59	A	0	1	1	1
AT5G62910	AT5G62920	4062	2099	2312	347	A	1	1	1	1
AT1G79710	AT1G79720	4065	2240	1889	62	A	1	1	1	1
AT2G43790	AT2G43795	4073	2626	1492	43	A	1	0	0	0
AT3G12480	AT3G12490	4074	2598	1503	25	A	1	1	1	1
AT4G39060	AT4G39070	4077	2028	2054	3	A	0	0	1	1
AT5G59070	AT5G59080	4078	2321	4175	2320	B	0	0	1	1
AT4G17540	AT4G17550	4083	2033	2292	240	A	1	1	1	1
AT1G60420	AT1G60430	4089	2500	1609	18	A	1	1	1	1
AT2G38330	AT2G38340	4092	2912	1220	38	A	1	0	1	1
AT5G25170	AT5G25180	4096	2084	2479	465	A	1	1	0	0
AT5G07240	AT5G07250	4100	2399	1706	3	A	1	1	1	1
AT5G66180	AT5G66190	4107	2142	2033	66	A	1	1	1	1
AT3G52080	AT3G52090	4108	3023	1204	117	A	1	0	0	0
AT5G40570	AT5G40580	4111	1631	2538	56	A	1	1	1	1
AT2G21940	AT2G21950	4112	2689	1473	48	A	1	1	1	1
AT4G31740	AT4G31750	4114	572	4185	571	B	1	0	0	0
AT4G39620	AT4G39630	4118	2372	1797	49	A	0	1	1	1
AT5G09920	AT5G09930	4118	1392	2808	80	A	1	0	0	0
AT3G45010	AT3G45020	4119	2846	1303	28	A	0	0	1	1
AT5G25080	AT5G25090	4123	3365	800	40	A	0	1	1	1
AT5G39510	AT5G39520	4125	2310	1832	15	A	1	0	0	1
AT2G43310	AT2G43320	4126	788	3378	38	A	1	0	1	1
AT1G01730	AT1G01740	4133	1393	2820	78	A	1	1	1	1
AT3G10200	AT3G10210	4143	3403	1344	602	A	1	1	1	1
AT4G20760	AT4G20770	4145	1829	2325	7	A	0	0	0	1
AT3G14460	AT3G14463	4159	4461	908	907	B	0	0	1	1
AT1G65840	AT1G65845	4165	3320	913	66	A	1	0	1	1
AT2G23200	AT2G23210	4166	2694	2138	664	A	0	0	1	1
AT3G09670	AT3G09680	4170	2858	1327	13	A	1	1	1	1
AT1G04230	AT1G04240	4174	3274	1541	639	A	1	1	1	1
AT1G74580	AT1G74590	4175	3358	1011	192	A	1	0	0	1
AT4G37190	AT4G37200	4183	2650	1591	56	A	1	1	1	1
AT3G56900	AT3G56910	4187	3362	876	49	A	1	1	1	1
AT5G12110	AT5G12120	4188	2429	2544	783	A	1	1	1	1
AT3G23100	AT3G23110	4189	5719	2508	2507	B	0	0	1	1
AT2G24960	AT2G24970	4191	2919	1777	503	A	1	1	1	1
AT2G20710	AT2G20720	4194	1919	2299	22	A	0	0	1	1
AT2G44065	AT2G44070	4200	2978	1766	542	A	1	1	1	0
AT5G07580	AT5G07590	4206	815	3584	191	A	1	0	1	1
AT4G35630	AT4G35640	4209	1513	2779	81	A	1	0	1	1
AT1G63330	AT1G63340	4214	2177	2138	99	A	0	0	0	1
AT2G02740	AT2G02750	4218	1902	2402	84	A	1	0	1	1
AT1G16740	AT1G16750	4228	1373	2878	21	A	0	0	1	1
AT4G11070	AT4G11080	4234	1697	2625	86	A	0	1	0	0
AT4G14700	AT4G14710	4234	2588	1727	79	A	1	1	1	1
AT5G04510	AT5G04520	4236	3066	1225	53	A	1	0	1	1
AT2G31380	AT2G31390	4240	1504	2779	41	A	1	1	1	1
AT3G15060	AT3G15070	4241	1437	3125	319	A	1	1	1	1
AT5G58300	AT5G58310	4249	3231	1093	73	A	1	1	0	0
AT3G22760	AT3G22770	4257	3854	984	579	A	1	0	1	0
AT3G01920	AT3G01930	4259	1672	2630	41	A	0	0	1	1
AT3G12210	AT3G12220	4266	1815	2813	360	A	0	0	1	1
AT4G09000	AT4G09010	4277	2163	2138	22	A	0	1	1	1
AT5G14670	AT5G14680	4278	2006	2390	116	A	1	1	0	0
AT3G10220	AT3G10230	4285	2428	1884	25	A	1	1	1	1
AT2G30620	AT2G30630	4288	1752	2558	20	A	1	0	1	1
AT4G38560	AT4G38570	4290	2138	2216	62	A	1	0	0	0
AT1G06790	AT1G06800	4291	2605	2048	360	A	1	1	1	1
AT3G56840	AT3G56850	4297	2027	2381	109	A	1	1	1	1
AT1G47250	AT1G47260	4307	1882	3934	1507	A	1	1	1	1
AT4G38225	AT4G38230	4310	1593	2835	116	A	1	1	1	1
AT5G47860	AT5G47870	4319	2870	1496	45	A	1	1	1	1
AT5G20500	AT5G20510	4323	1223	3110	8	A	1	1	1	1
AT5G61260	AT5G61270	4326	2513	1848	33	A	0	0	1	1
AT3G05760	AT3G05770	4328	2135	2213	18	A	0	1	1	1
AT5G63010	AT5G63020	4335	1514	2860	37	A	0	0	1	1
AT5G18960	AT5G18970	4345	3354	1432	439	A	1	1	1	1
AT1G76530	AT1G76540	4350	2303	2049	0	A	1	0	1	0
AT3G19240	AT3G19250	4351	2978	1787	412	A	1	1	1	1
AT5G10680	AT5G10690	4355	1191	3940	774	A	1	0	1	1
AT4G10640	AT4G10650	4356	2693	2459	794	A	0	0	1	1
AT2G28930	AT2G28940	4356	2352	2028	22	A	1	0	1	1
AT4G16695	AT4G16700	4359	1888	2819	346	A	1	1	1	1
AT4G21800	AT4G21810	4363	2357	2052	44	A	1	1	1	1
AT3G19220	AT3G19230	4366	1643	2759	34	A	0	0	1	0
AT3G14340	AT3G14350	4370	381	4359	368	A	1	0	0	1
AT1G54310	AT1G54320	4384	2008	2416	38	A	1	1	1	1
AT5G41980	AT5G41990	4386	1393	3026	31	A	1	0	1	1
AT1G15015	AT1G15020	4398	843	4248	691	A	0	0	1	0
AT4G18210	AT4G18215	4401	2735	2728	1060	A	0	0	0	1
AT4G16430	AT4G16440	4402	1917	2567	80	A	1	1	1	1
AT2G34910	AT2G34920	4416	1209	3229	20	A	0	0	1	1
AT4G20420	AT4G20430	4418	654	4580	653	B	1	1	0	0
AT3G59970	AT3G59980	4420	3260	1215	53	A	1	1	1	1
AT5G51970	AT5G51980	4422	1634	2808	18	A	1	1	1	1
AT5G53920	AT5G53930	4430	2285	2175	28	A	1	1	1	1
AT5G53330	AT5G53340	4449	1642	2858	49	A	1	1	1	1
AT5G10830	AT5G10840	4452	1340	3137	23	A	1	1	1	1
AT4G34850	AT4G34860	4455	1626	2874	43	A	1	0	1	1
AT5G38895	AT5G38900	4458	2256	2208	4	A	0	1	1	1
AT5G63050	AT5G63060	4464	2544	1943	21	A	1	1	1	1
AT5G13660	AT5G13670	4467	2736	1944	211	A	0	0	0	1
AT5G17360	AT5G17370	4468	1377	3143	50	A	1	0	1	1
AT5G43940	AT5G43950	4468	2325	2169	24	A	1	1	1	1
AT5G25760	AT5G25770	4470	1715	2911	154	A	1	1	1	1
AT5G63780	AT5G63790	4487	2786	1722	19	A	1	1	1	1
AT3G13782	AT3G13784	4493	2427	2352	284	A	0	0	1	0
AT5G61920	AT5G61930	4497	1705	3727	933	A	0	1	1	1
AT3G12060	AT3G12070	4498	2424	2815	739	A	1	1	1	1
AT2G45360	AT2G45380	4501	923	3666	86	A	1	0	1	1
AT2G36650	AT2G36660	4502	1433	3078	7	A	0	0	1	1
AT3G45890	AT3G45900	4505	2790	2215	498	A	1	0	1	1
AT1G33770	AT1G33780	4508	3679	1460	629	A	0	0	1	1
AT2G02720	AT2G02730	4512	2101	2505	92	A	1	1	0	1
AT1G49350	AT1G49360	4521	2327	2235	39	A	1	1	1	1
AT2G42220	AT2G42230	4524	1354	3197	25	A	0	0	1	1
AT4G17350	AT4G17360	4532	2443	2118	27	A	1	1	1	1
AT5G67170	AT5G67180	4533	2330	2323	118	A	1	0	1	1
AT3G62080	AT3G62090	4535	2604	2163	230	A	1	0	1	1
AT5G03905	AT5G03910	4544	1695	2964	113	A	1	1	1	1
AT5G20590	AT5G20600	4546	2748	1818	18	A	1	1	1	1
AT2G01280	AT2G01290	4552	3719	1268	433	A	1	1	0	0
AT4G26430	AT4G26440	4559	2638	1956	33	A	1	0	0	0
AT3G32930	AT3G32940	4585	1658	3007	78	A	1	1	1	1
AT4G35040	AT4G35050	4590	2673	2214	295	A	1	1	1	1
AT4G26770	AT4G26780	4590	2880	1770	58	A	1	1	1	1
AT1G76450	AT1G76460	4592	1625	3000	31	A	0	0	1	1
AT1G27060	AT1G27070	4593	1767	2843	15	A	0	1	1	1
AT1G50440	AT1G50450	4596	2139	2579	120	A	1	0	1	1
AT1G55190	AT1G55200	4603	803	3872	70	A	0	0	1	1
AT3G50950	AT3G50960	4610	2963	1732	83	A	1	0	1	1
AT3G26680	AT3G26690	4612	3114	1529	29	A	1	0	1	1
AT3G49180	AT3G49190	4613	2190	2525	100	A	1	0	1	1
AT4G37040	AT4G37050	4622	2030	2636	42	A	1	1	1	1
AT2G43840	AT2G43850	4624	1613	3069	56	A	0	1	1	1
AT4G15475	AT4G15480	4653	3043	1716	104	A	1	0	1	1
AT5G65090	AT5G65100	4653	2970	1701	16	A	0	0	1	0
AT3G04870	AT3G04880	4659	3637	1103	79	A	1	0	1	1
AT4G39960	AT4G39970	4662	2838	1867	41	A	0	0	1	1
AT4G10750	AT4G10760	4663	1255	3530	120	A	1	1	1	1
AT1G55090	AT1G55100	4670	4016	869	213	A	1	0	0	0
AT3G16175	AT3G16180	4682	964	3740	20	A	1	1	1	1
AT2G03270	AT2G03280	4700	2372	2365	35	A	1	1	1	1
AT5G08480	AT5G08490	4700	1793	4690	1781	A	0	0	1	1
AT1G29380	AT1G29390	4707	2769	2037	97	A	0	0	1	1
AT5G51460	AT5G51465	4709	3789	991	69	A	0	0	1	0
AT3G50430	AT3G50440	4723	3734	1075	84	A	0	0	1	1
AT2G21340	AT2G21350	4727	3844	1082	197	A	1	0	1	1
AT5G38630	AT5G38640	4732	2194	3059	519	A	1	1	1	1
AT1G16370	AT1G16380	4734	1815	2957	36	A	1	0	0	0
AT4G01390	AT4G01370	4738	1456	3383	99	A	0	0	0	1
AT5G61290	AT5G61300	4741	2288	2566	111	A	1	1	1	1
AT1G14020	AT1G14030	4748	2584	2223	57	A	1	0	1	1
AT3G47060	AT3G47070	4748	3946	1142	338	A	1	0	1	1
AT3G21200	AT3G21210	4750	1909	2863	20	A	0	0	1	1
AT4G20325	AT4G20330	4752	2906	1965	117	A	1	1	1	1
AT1G14350	AT1G14360	4753	2837	1947	29	A	1	1	1	1
AT4G09750	AT4G09760	4763	2192	2641	68	A	1	0	1	1
AT2G24010	AT2G24020	4765	3166	1603	2	A	0	0	0	1
AT3G59940	AT3G59950	4766	1449	3321	2	A	1	0	1	1
AT4G36960	AT4G36970	4767	2848	1942	21	A	1	1	1	1
AT1G20925	AT1G20930	4770	2608	2177	13	A	1	0	1	1
AT1G21370	AT1G21380	4773	1752	3025	2	A	1	1	1	1
AT1G14390	AT1G14400	4775	2878	2327	428	A	0	1	1	1
AT3G46640	AT3G46650	4779	3918	2369	1506	A	1	1	1	1
AT1G08340	AT1G08350	4798	1752	3057	9	A	1	0	1	1
AT1G24280	AT1G24290	4798	3134	1686	20	A	1	1	1	1
AT2G42940	AT2G42920	4801	1203	4812	1202	B	1	0	1	0
AT3G24500	AT3G24503	4806	1417	3501	110	A	1	0	1	1
AT5G56610	AT5G56620	4807	1777	3566	534	A	0	1	1	1
AT2G33620	AT2G33630	4817	2910	1938	29	A	1	1	1	1
AT3G12190	AT3G12200	4817	810	4044	35	A	0	0	1	0
AT3G14100	AT3G14110	4817	3358	1501	40	A	1	1	1	1
AT3G13770	AT3G13772	4818	1903	2917	0	A	0	0	1	1
AT1G63980	AT1G63990	4823	2674	2544	393	A	1	1	1	1
AT4G08455	AT4G08460	4831	1368	3495	30	A	1	1	1	1
AT1G73690	AT1G73700	4831	2511	2362	40	A	0	1	0	1
AT1G48370	AT1G48380	4834	3027	2282	473	A	1	1	1	1
AT5G05830	AT5G05840	4837	1256	3602	19	A	1	1	1	1
AT1G61415	AT1G61420	4841	1307	4043	507	A	0	1	1	1
AT1G75440	AT1G75450	4847	1595	3918	664	A	1	0	1	1
AT5G14430	AT5G14440	4851	2966	1887	0	A	1	1	1	1
AT3G09230	AT3G09240	4856	2045	2822	9	A	0	0	1	1
AT2G45940	AT2G45950	4857	1363	3518	22	A	0	0	1	0
AT5G38600	AT5G38610	4861	4192	710	39	A	0	1	1	1
AT2G30820	AT2G30830	4863	3454	1857	446	A	0	0	1	0
AT1G48560	AT1G48570	4865	2656	3850	1639	A	1	1	1	1
AT3G21360	AT3G21370	4873	1777	3624	526	A	0	1	0	0
AT1G23790	AT1G23800	4875	2135	2768	26	A	1	1	1	1
AT1G73130	AT1G73140	4905	3345	1814	252	A	1	0	1	1
AT3G54826	AT3G54830	4909	1533	3416	38	A	0	1	1	1
AT1G17630	AT1G17640	4910	2670	2307	65	A	0	1	1	1
AT4G22270	AT4G22280	4930	2819	2183	70	A	1	1	1	1
AT1G47230	AT1G47240	4931	2275	2703	45	A	0	1	1	1
AT3G19330	AT3G19340	4933	2034	2925	24	A	1	0	1	1
AT2G47935	AT2G47940	4954	1247	4148	439	A	0	0	1	1
AT3G49240	AT3G49250	4966	2070	5039	2069	B	1	1	1	1
AT5G45400	AT5G45410	4966	3453	1890	375	A	0	1	1	1
AT4G33630	AT4G33640	4975	4063	942	28	A	1	0	1	1
AT4G39990	AT4G40000	4990	1412	3664	84	A	1	1	1	1
AT2G02955	AT2G02960	5011	2636	2424	47	A	1	1	1	1
AT2G25270	AT2G25280	5016	2845	2298	125	A	1	1	1	1
AT3G58590	AT3G58600	5018	2544	2484	8	A	1	1	1	1
AT5G19350	AT5G19360	5018	2535	2550	65	A	1	1	1	1
AT3G58130	AT3G58140	5021	2376	2733	86	A	1	1	1	1
AT2G19610	AT2G19620	5023	2147	2973	95	A	1	1	1	1
AT4G00490	AT4G00500	5027	2694	2369	34	A	1	1	1	1
AT4G12390	AT4G12400	5033	1851	3346	162	A	0	1	1	1
AT3G26470	AT3G26480	5034	1711	3694	369	A	1	0	1	1
AT1G74900	AT1G74910	5038	1735	3437	132	A	1	1	1	1
AT4G31530	AT4G31540	5042	5161	2885	2884	B	1	1	1	1
AT4G28220	AT4G28230	5051	3622	1475	44	A	1	1	1	1
AT1G12775	AT1G12780	5052	2088	2969	3	A	1	1	1	1
AT2G31530	AT2G31540	5054	3622	1597	163	A	0	0	1	1
AT1G29200	AT1G29220	5057	3046	2078	65	A	1	1	1	1
AT5G44780	AT5G44785	5069	2493	3681	1103	A	0	1	1	1
AT3G02030	AT3G02040	5072	3940	1585	451	A	1	0	1	1
AT5G24680	AT5G24690	5073	1944	3191	60	A	1	1	1	1
AT4G37490	AT4G37480	5074	2423	2706	53	A	0	1	1	1
AT4G21180	AT4G21190	5075	3372	1813	108	A	1	1	1	1
AT4G36760	AT4G36770	5080	3767	1552	237	A	1	1	1	1
AT1G72660	AT1G72670	5085	3088	2200	201	A	1	1	1	1
AT5G17500	AT5G17510	5102	2546	3164	606	A	0	1	1	1
AT5G39970	AT5G39980	5102	2844	2361	101	A	1	0	1	1
AT1G60460	AT1G60470	5102	3524	1605	25	A	0	0	1	1
AT3G13470	AT3G13480	5109	3596	1905	390	A	1	1	1	1
AT4G39030	AT4G39040	5115	3788	1433	104	A	1	0	1	1
AT3G61610	AT3G61620	5120	2248	2890	16	A	0	1	1	1
AT1G56290	AT1G56300	5130	3408	2401	677	A	1	0	1	1
AT5G59000	AT5G59010	5133	2132	3284	281	A	1	1	1	1
AT3G13670	AT3G13672	5137	4253	1817	931	A	1	1	1	1
AT4G28010	AT4G28020	5137	2929	2248	38	A	0	0	1	1
AT5G64750	AT5G64760	5137	2440	2807	108	A	1	1	1	1
AT5G51130	AT5G51140	5146	2428	2874	154	A	1	1	1	1
AT1G27710	AT1G27720	5148	881	5135	866	A	1	0	0	0
AT4G24010	AT4G24015	5154	3728	1530	102	A	0	0	0	1
AT1G05450	AT1G05460	5164	1339	3893	66	A	0	0	1	1
AT2G21530	AT2G21540	5172	1253	3992	71	A	0	0	0	1
AT2G42150	AT2G42160	5174	2375	2834	33	A	1	1	1	1
AT2G36355	AT2G36360	5185	983	4689	485	A	1	1	1	1
AT3G20790	AT3G20800	5188	2462	2807	79	A	1	1	1	1
AT1G23880	AT1G23890	5193	3155	2061	21	A	1	1	1	1
AT3G54510	AT3G54520	5195	3582	1686	71	A	0	0	1	1
AT5G19140	AT5G19150	5195	2752	5164	2719	A	0	0	1	1
AT1G18880	AT1G18890	5197	2648	3155	604	A	1	0	1	1
AT4G12005	AT4G12010	5207	863	4581	235	A	0	0	1	1
AT3G02370	AT3G02380	5211	3584	2399	770	A	1	0	1	1
AT2G01270	AT2G01275	5215	3252	2027	62	A	0	0	1	1
AT3G26840	AT3G26850	5215	3547	2465	795	A	0	0	1	1
AT2G19180	AT2G19190	5222	1502	3896	174	A	1	0	0	1
AT5G04320	AT5G04330	5226	3333	1908	13	A	1	0	1	1
AT5G15240	AT5G15250	5226	2805	2445	22	A	0	0	1	1
AT5G26030	AT5G26040	5231	2735	2531	33	A	1	1	1	1
AT3G20350	AT3G20360	5232	3392	1867	25	A	0	0	1	0
AT1G21880	AT1G21890	5238	2217	3079	56	A	1	0	0	1
AT4G13360	AT4G13370	5239	2702	2540	1	A	1	1	1	1
AT4G36940	AT4G36945	5241	3159	2163	79	A	1	1	1	1
AT2G44880	AT2G44890	5263	3198	2094	27	A	0	0	1	0
AT1G03030	AT1G03040	5266	2565	2725	22	A	1	1	1	1
AT3G02840	AT3G02850	5274	1289	4003	16	A	1	0	1	1
AT1G74430	AT1G74440	5277	2082	3955	758	A	1	0	1	1
AT5G64960	AT5G64970	5277	3254	2639	614	A	1	1	1	1
AT5G11350	AT5G11360	5281	4192	1166	75	A	1	0	0	0
AT5G66410	AT5G66420	5282	1891	3398	5	A	1	1	1	1
AT3G02400	AT3G02410	5288	2258	5289	2257	A	1	1	1	1
AT3G56960	AT3G56970	5288	4464	1211	385	A	0	0	0	1
AT5G07830	AT5G07840	5290	3564	1778	50	A	1	1	1	1
AT5G16030	AT5G16040	5293	2501	2799	5	A	1	0	1	1
AT3G18300	AT3G18310	5302	2450	2870	16	A	1	0	1	1
AT4G26470	AT4G26480	5307	1436	3900	27	A	1	1	1	1
AT1G75360	AT1G75370	5310	2002	3472	162	A	0	0	1	1
AT4G28640	AT4G28650	5313	1742	3580	7	A	1	1	1	1
AT3G07170	AT3G07180	5316	2119	3217	18	A	1	1	1	1
AT1G17810	AT1G17820	5320	1603	3809	90	A	1	0	0	0
AT3G01610	AT3G01620	5325	3637	1772	82	A	1	0	0	0
AT5G08510	AT5G08520	5326	2758	3024	454	A	1	1	1	1
AT2G41540	AT2G41550	5327	3390	2288	349	A	0	0	1	1
AT2G47380	AT2G47390	5331	1125	4286	78	A	1	1	1	1
AT2G40630	AT2G40640	5334	3711	2252	627	A	1	1	1	1
AT5G62520	AT5G62530	5340	1964	3769	391	A	1	1	1	1
AT2G32710	AT2G32720	5348	3376	2899	925	A	1	1	1	1
AT1G48960	AT1G48970	5349	1250	4120	19	A	1	0	1	1
AT4G03410	AT4G03415	5360	2532	2945	115	A	1	0	1	1
AT2G30600	AT2G30615	5362	4392	1502	530	A	1	1	0	0
AT4G26680	AT4G26690	5367	1980	3585	196	A	1	1	1	1
AT1G30800	AT1G30810	5369	1177	5528	1176	B	1	0	1	0
AT1G07870	AT1G07850	5386	3319	2521	452	A	1	0	1	0
AT1G52500	AT1G52510	5391	3234	3696	1537	A	1	0	1	1
AT1G15430	AT1G15440	5400	1990	3434	22	A	1	1	1	1
AT3G05310	AT3G05320	5408	3142	2507	239	A	1	0	0	0
AT3G20730	AT3G20740	5413	1983	3468	36	A	1	1	1	1
AT1G79890	AT1G79900	5417	3685	1982	248	A	0	1	1	1
AT1G62740	AT1G62750	5443	2553	2911	19	A	1	1	1	1
AT1G27980	AT1G27990	5446	4264	1211	27	A	0	1	0	1
AT4G35850	AT4G35860	5451	3443	2062	52	A	1	1	1	1
AT3G02500	AT3G02510	5464	2583	2930	47	A	0	0	1	1
AT4G02400	AT4G02405	5472	3800	1788	114	A	1	1	1	1
AT2G46910	AT2G46915	5480	1671	3875	64	A	1	1	1	1
AT2G27600	AT2G27610	5485	2880	2607	0	A	0	1	1	1
AT3G58510	AT3G58520	5496	3743	1779	24	A	1	0	1	1
AT2G30690	AT2G30695	5508	3151	3941	1582	A	1	0	0	0
AT5G43860	AT5G43870	5516	1870	4520	872	A	0	1	1	1
AT1G47330	AT1G47340	5517	2823	2718	22	A	1	1	1	1
AT5G15790	AT5G15800	5531	2712	2920	99	A	0	0	1	0
AT5G35390	AT5G35400	5531	2446	3136	49	A	0	0	1	0
AT5G64600	AT5G64610	5532	3189	2364	19	A	1	1	1	1
AT2G31790	AT2G31800	5538	2149	3417	26	A	1	0	0	1
AT3G10710	AT3G10720	5540	2195	3349	2	A	0	1	1	1
AT2G46450	AT2G46455	5547	4034	1699	184	A	0	0	0	1
AT2G22520	AT2G22530	5550	726	4849	23	A	1	0	0	0
AT3G11830	AT3G11840	5555	3700	1882	25	A	1	1	1	1
AT3G61160	AT3G61170	5556	3015	2669	126	A	1	0	1	1
AT5G22830	AT5G22840	5557	3320	2246	7	A	1	1	1	1
AT5G19210	AT5G19220	5562	2599	2985	20	A	1	0	1	1
AT2G41760	AT2G41770	5566	2683	2891	6	A	1	1	1	1
AT3G59110	AT3G59120	5569	3470	2427	326	A	0	0	1	1
AT4G29210	AT4G29220	5569	2518	3076	23	A	1	0	1	1
AT4G17010	AT4G17020	5570	2081	3526	35	A	1	1	1	1
AT5G49530	AT5G49540	5577	4061	1538	20	A	1	1	1	1
AT3G61300	AT3G61310	5580	3050	5541	3009	A	0	0	1	1
AT1G69010	AT1G69020	5582	2637	3326	379	A	0	0	1	1
AT1G49720	AT1G49730	5589	2522	3176	107	A	1	1	1	1
AT1G26530	AT1G26540	5593	2211	3405	21	A	0	0	1	1
AT1G24735	AT1G24764	5605	1782	3924	99	A	1	1	1	1
AT3G63470	AT3G63480	5614	2487	3202	73	A	1	0	1	1
AT2G42520	AT2G42530	5623	4075	1841	291	A	0	0	1	0
AT5G63480	AT5G63490	5633	1803	3873	41	A	1	1	1	1
AT5G04660	AT5G04670	5636	1764	5662	1763	B	1	1	1	0
AT1G24340	AT1G24350	5640	3754	2306	418	A	1	1	1	1
AT5G10080	AT5G10090	5663	2909	2756	0	A	0	0	1	0
AT4G26300	AT4G26288	5671	4934	874	135	A	1	1	1	1
AT5G51480	AT5G51490	5675	3344	2370	37	A	0	1	1	0
AT5G11010	AT5G11020	5684	2635	3075	24	A	1	1	1	1
AT2G41490	AT2G41500	5710	2492	3297	77	A	1	1	1	1
AT3G46220	AT3G46230	5717	5101	671	53	A	1	0	1	1
AT1G18180	AT1G18190	5721	2165	3607	49	A	1	1	1	1
AT1G20540	AT1G20550	5722	2753	3091	120	A	1	1	1	1
AT2G37140	AT2G37150	5724	653	5446	373	A	1	1	1	1
AT1G03290	AT1G03300	5725	5856	2054	2053	B	1	0	1	1
AT3G19480	AT3G19490	5726	2252	3575	99	A	1	0	1	1
AT3G02160	AT3G02170	5735	2300	3747	310	A	1	1	1	1
AT5G57240	AT5G57250	5737	2605	3777	643	A	1	0	0	1
AT5G05190	AT5G05200	5744	2684	3085	23	A	1	0	1	1
AT5G48965	AT5G48970	5747	2869	2896	16	A	1	1	0	0
AT3G53530	AT3G53540	5747	1533	4253	37	A	1	1	1	0
AT4G03260	AT4G03270	5759	4589	2018	846	A	0	0	1	1
AT5G42310	AT5G42320	5772	2727	3065	18	A	0	1	1	1
AT4G17150	AT4G17160	5775	4032	1880	135	A	1	1	1	0
AT1G13930	AT1G13940	5777	1710	4149	80	A	1	0	1	1
AT2G41705	AT2G41710	5780	2812	3017	47	A	1	0	1	1
AT3G09085	AT3G09090	5797	608	5233	42	A	1	1	1	1
AT1G25380	AT1G25390	5799	2921	3306	426	A	0	0	1	1
AT5G56870	AT5G56880	5800	5764	946	908	A	0	0	1	1
AT3G23070	AT3G23080	5801	3967	1903	67	A	1	0	1	1
AT5G13560	AT5G13565	5811	5045	789	21	A	0	0	1	0
AT3G08010	AT3G08020	5822	1464	4412	52	A	1	0	1	1
AT5G67230	AT5G67240	5827	1819	4081	71	A	1	1	1	1
AT2G24350	AT2G24360	5837	3439	2434	34	A	1	1	1	1
AT1G49960	AT1G49970	5862	3248	2711	95	A	1	0	0	1
AT3G23480	AT3G23490	5874	4198	2004	326	A	0	0	1	1
AT3G12990	AT3G13000	5882	1720	4353	189	A	1	1	1	1
AT1G06560	AT1G06570	5892	4326	1653	85	A	1	0	1	1
AT3G59300	AT3G59310	5910	3618	2690	396	A	1	1	1	1
AT2G39820	AT2G39830	5924	1525	4408	7	A	0	0	1	0
AT5G52190	AT5G52170	5941	913	6063	912	B	0	1	1	0
AT3G24715	AT3G24730	5951	5369	1137	553	A	1	1	1	1
AT2G43480	AT2G43490	5957	1451	4533	25	A	1	1	1	1
AT1G53090	AT1G53100	5965	3718	2251	2	A	0	0	0	1
AT3G63490	AT3G63500	5980	2051	3956	25	A	1	1	1	1
AT5G42810	AT5G42820	5980	2628	3505	151	A	1	1	1	1
AT3G24929	AT3G24982	5990	5626	3972	3606	A	1	0	0	1
AT1G50810	AT1G50820	5993	4105	7156	4104	B	1	0	0	0
AT2G23460	AT2G23470	5995	3608	2528	139	A	1	0	1	1
AT1G71300	AT1G71310	6000	4256	2320	574	A	1	1	1	0
AT5G25520	AT5G25530	6013	4485	1858	328	A	0	0	1	1
AT1G73380	AT1G73390	6044	1736	4313	3	A	1	1	1	1
AT1G78910	AT1G78915	6053	2491	3626	62	A	0	1	1	1
AT2G45720	AT2G45730	6062	3289	2796	21	A	1	1	1	1
AT5G63640	AT5G63650	6064	3704	2466	104	A	1	1	1	1
AT3G27690	AT3G27700	6069	1584	5081	594	A	0	0	1	1
AT2G36010	AT2G36020	6072	3669	2469	64	A	0	1	1	1
AT5G12970	AT5G12980	6117	3300	2850	31	A	1	1	1	1
AT1G11790	AT1G11800	6137	4067	2107	35	A	1	1	1	1
AT1G64600	AT1G64610	6149	2924	3334	107	A	1	0	1	1
AT5G13260	AT5G13270	6167	3784	2447	62	A	1	0	1	1
AT2G22730	AT2G22740	6180	3276	4401	1495	A	1	0	1	1
AT1G60220	AT1G60230	6187	3896	2348	55	A	1	1	1	1
AT5G24620	AT5G24630	6189	2411	3810	30	A	1	1	1	1
AT5G58940	AT5G58950	6196	3509	2710	21	A	1	1	1	1
AT3G61560	AT3G61570	6197	2451	4498	750	A	1	1	1	1
AT1G64960	AT1G64970	6224	4369	1900	43	A	1	0	1	1
AT4G25610	AT4G25620	6225	4002	2248	23	A	1	0	1	1
AT1G15240	AT1G15250	6226	5242	1013	27	A	1	1	1	1
AT3G10405	AT3G10390	6229	2833	3472	74	A	1	0	1	1
AT2G40850	AT2G40860	6241	2670	3829	256	A	1	0	1	1
AT5G06930	AT5G06940	6246	3826	2884	462	A	1	1	1	1
AT3G29320	AT3G29330	6248	4889	1391	30	A	1	1	1	1
AT5G48730	AT5G48740	6259	2163	4175	77	A	0	1	1	1
AT1G13960	AT1G13970	6263	3138	3196	69	A	0	0	1	1
AT5G03330	AT5G03340	6264	3438	3244	416	A	1	1	1	1
AT2G18220	AT2G18230	6280	3909	2394	21	A	1	1	1	1
AT3G07400	AT3G07410	6284	5224	1094	32	A	1	1	1	1
AT4G27290	AT4G27300	6303	3127	3178	0	A	0	0	0	1
AT1G27880	AT1G27890	6315	5506	1041	230	A	0	0	1	1
AT3G54980	AT3G54990	6317	4057	2805	543	A	1	0	1	1
AT5G15440	AT5G15450	6339	2166	4249	74	A	1	1	1	1
AT4G27590	AT4G27595	6369	1506	5374	509	A	0	0	1	1
AT1G17840	AT1G17850	6376	3651	2809	82	A	0	1	0	1
AT3G20240	AT3G20250	6387	2048	4362	21	A	1	0	1	1
AT1G53190	AT1G53200	6389	3261	3132	2	A	1	1	1	1
AT5G16300	AT5G16310	6390	4538	1895	41	A	1	1	1	1
AT4G18480	AT4G18465	6391	1630	4787	24	A	1	1	1	1
AT3G56030	AT3G56040	6397	1360	5046	7	A	1	1	1	1
AT1G22250	AT1G22260	6399	903	5634	136	A	0	0	1	0
AT3G21220	AT3G21230	6407	2895	3861	347	A	1	0	1	1
AT4G01790	AT4G01800	6408	1037	5472	99	A	1	1	1	1
AT1G07560	AT1G07570	6452	3834	2632	12	A	0	0	1	1
AT3G10820	AT3G10840	6458	3926	3384	850	A	0	0	1	1
AT1G65960	AT1G65970	6482	5924	896	336	A	1	1	1	1
AT1G53490	AT1G53500	6490	3686	2814	8	A	1	1	1	1
AT3G50100	AT3G50110	6507	2381	4205	77	A	0	0	1	1
AT4G28760	AT4G28770	6509	4529	2115	133	A	1	1	1	1
AT5G37630	AT5G37640	6523	5580	969	24	A	0	1	0	0
AT1G26130	AT1G26140	6524	6084	833	391	A	1	0	0	0
AT1G31220	AT1G31230	6576	1986	4655	63	A	1	0	1	1
AT1G54360	AT1G54370	6587	2673	3955	39	A	1	1	1	1
AT3G16460	AT3G16470	6604	3082	3943	419	A	1	0	1	1
AT4G16670	AT4G16680	6607	2636	4334	361	A	1	0	1	1
AT4G00750	AT4G00752	6609	3346	3372	107	A	1	1	1	1
AT3G14890	AT3G14900	6616	4572	2052	6	A	1	1	1	1
AT2G24420	AT2G24430	6687	3458	3321	90	A	0	0	0	1
AT2G27150	AT2G27160	6689	6724	985	984	B	1	0	0	0
AT1G29830	AT1G29840	6700	4605	2135	38	A	1	1	1	1
AT3G21100	AT3G21110	6715	3567	3198	48	A	1	1	1	1
AT2G34110	AT2G34090	6724	10767	3129	3128	B	0	0	1	1
AT4G32660	AT4G32670	6747	3185	3567	3	A	1	1	1	1
AT2G23740	AT2G23755	6785	6127	1223	563	A	1	1	1	1
AT1G16770	AT1G16780	6797	1539	5363	103	A	1	0	0	0
AT3G62140	AT3G62150	6801	1469	5378	44	A	1	1	1	1
AT3G26450	AT3G26440	6804	1954	6936	1953	B	0	0	1	1
AT4G14180	AT4G14190	6851	5896	1672	715	A	0	0	1	1
AT2G47820	AT2G47830	6877	3686	3199	6	A	1	1	1	1
AT1G24310	AT1G24320	6882	2293	4713	122	A	1	1	1	1
AT2G39270	AT2G39280	6917	1703	5361	145	A	1	1	1	1
AT4G38500	AT4G38510	6922	2648	4301	25	A	1	1	1	1
AT1G31910	AT1G31920	6949	7095	1938	1937	B	0	0	0	1
AT1G72180	AT1G72190	6949	4561	2392	2	A	1	0	1	1
AT4G33290	AT4G33300	6953	1293	6071	409	A	1	0	0	0
AT1G11090	AT1G11100	6954	1146	5915	105	A	1	1	1	1
AT4G17380	AT4G17390	6964	5452	1557	43	A	0	0	1	1
AT2G33490	AT2G33500	6968	4843	2244	117	A	1	1	1	1
AT1G77270	AT1G77280	6972	3634	3529	189	A	0	0	1	1
AT2G20635	AT2G20650	6979	3339	3997	355	A	1	1	1	1
AT4G36130	AT4G36140	7011	1188	5965	140	A	1	1	1	1
AT4G08780	AT4G08790	7014	4186	2860	30	A	1	0	1	1
AT4G10720	AT4G10730	7058	1763	5461	164	A	1	0	1	1
AT5G35360	AT5G35370	7101	4315	2839	51	A	0	0	1	1
AT4G03070	AT4G03080	7106	1330	5844	66	A	1	1	1	1
AT3G21810	AT3G21820	7139	4261	3007	127	A	1	1	1	1
AT5G10720	AT5G10730	7141	4786	2376	19	A	1	1	1	1
AT2G22000	AT2G22010	7149	892	6353	94	A	0	0	1	1
AT2G25930	AT2G25940	7149	4284	2884	17	A	1	1	1	1
AT3G55470	AT3G55480	7154	2249	4987	80	A	1	1	1	1
AT3G15380	AT3G15390	7171	3330	3873	30	A	1	1	1	1
AT5G06220	AT5G06230	7238	5706	2248	714	A	1	1	1	1
AT3G45740	AT3G45750	7239	2780	4486	25	A	1	1	1	1
AT5G07640	AT5G07650	7250	1477	5874	99	A	1	1	1	1
AT2G43890	AT2G43900	7258	2348	5502	590	A	0	0	1	0
AT1G04130	AT1G04140	7260	2295	4989	22	A	1	1	1	1
AT1G03770	AT1G03780	7278	3111	4331	162	A	1	1	1	1
AT1G19485	AT1G19490	7295	4832	2530	65	A	0	0	1	1
AT4G05190	AT4G05200	7320	5151	2686	515	A	0	0	1	1
AT1G48540	AT1G48550	7324	5230	2124	28	A	0	0	1	1
AT5G27020	AT5G27030	7330	781	6667	116	A	1	0	0	1
AT5G13690	AT5G13700	7342	4618	3027	301	A	1	1	1	1
AT3G10350	AT3G10360	7346	2653	4738	43	A	1	0	1	1
AT1G04900	AT1G04910	7347	4054	3309	14	A	1	1	1	1
AT3G03800	AT3G03810	7364	2642	4767	43	A	0	0	1	1
AT1G43850	AT1G43860	7373	4784	3736	1145	A	1	1	1	1
AT2G26270	AT2G26280	7419	3975	3502	56	A	1	1	1	1
AT5G12350	AT5G12360	7420	5481	2044	103	A	1	1	1	1
AT5G10510	AT5G10520	7430	4812	3066	446	A	1	0	1	1
AT1G34210	AT1G34220	7434	4342	3099	5	A	1	0	1	1
AT2G33160	AT2G33170	7444	2843	4749	146	A	0	1	1	0
AT1G16270	AT1G16280	7496	5075	2938	515	A	0	1	1	1
AT5G42480	AT5G42490	7506	3191	4475	158	A	1	0	0	0
AT5G03420	AT5G03430	7509	3337	4206	32	A	1	1	1	1
AT3G60150	AT3G60160	7515	1541	6224	248	A	0	0	1	1
AT5G16770	AT5G16780	7544	2437	6555	1446	A	1	0	1	1
AT4G23530	AT4G23540	7549	1937	6041	427	A	1	1	1	1
AT2G01680	AT2G01690	7554	3017	5113	574	A	1	0	1	1
AT5G14760	AT5G14770	7570	3891	3717	36	A	0	0	1	1
AT3G28370	AT3G28380	7667	4085	4503	919	A	0	0	1	1
AT5G16840	AT5G16850	7733	2278	5478	21	A	1	0	1	1
AT5G65620	AT5G65630	7745	4051	3743	47	A	1	1	1	1
AT4G26970	AT4G26980	7785	5703	2122	38	A	1	1	1	1
AT3G55310	AT3G55320	7790	1283	6542	33	A	1	1	1	1
AT3G53090	AT3G53100	7807	6184	2234	609	A	0	1	1	1
AT1G76850	AT1G76860	7820	6555	1289	22	A	1	1	1	1
AT2G31820	AT2G31830	7979	2875	5318	212	A	1	0	0	1
AT5G08400	AT5G08390	7987	2489	6315	815	A	1	1	1	1
AT3G53580	AT3G53590	7988	2354	5870	234	A	0	0	1	1
AT5G54270	AT5G54280	8001	1086	6976	59	A	1	1	1	1
AT2G32410	AT2G32415	8028	3573	4499	42	A	1	1	1	1
AT1G68980	AT1G68990	8041	2076	6000	33	A	0	1	1	1
AT1G10070	AT1G10090	8043	2385	5864	204	A	1	0	1	1
AT3G11560	AT3G11570	8050	6292	2521	761	A	1	1	1	1
AT1G19850	AT1G19860	8083	4736	3371	22	A	1	1	1	1
AT2G30910	AT2G30920	8097	4308	3798	7	A	1	1	1	1
AT3G58780	AT3G58790	8135	4358	4222	443	A	0	0	1	1
AT4G04930	AT4G04940	8164	2093	6190	117	A	0	1	1	0
AT1G10490	AT1G10500	8185	6853	1370	36	A	1	1	1	1
AT4G15720	AT4G15730	8205	2081	6133	7	A	0	0	1	0
AT4G18050	AT4G18060	8247	5640	3384	775	A	1	1	1	1
AT4G24480	AT4G24490	8363	5113	3290	38	A	1	0	1	1
AT4G32175	AT4G32180	8416	2169	6266	17	A	1	1	1	1
AT2G15900	AT2G15910	8425	5696	3109	378	A	1	1	1	1
AT4G23000	AT4G23010	8458	5807	2654	1	A	0	0	1	1
AT5G51630	AT5G51640	8540	6813	2456	727	A	1	1	1	1
AT5G46330	AT5G46340	8547	4334	4386	171	A	1	0	1	1
AT5G07940	AT5G07950	8555	6841	1844	128	A	1	1	1	1
AT2G37690	AT2G37700	8559	4894	3699	32	A	0	0	1	1
AT4G18596	AT4G18600	8574	3000	7913	2337	A	1	1	1	0
AT3G60730	AT3G60740	8631	2384	6273	24	A	1	0	0	0
AT1G22610	AT1G22620	8689	3392	8824	3391	B	1	1	1	1
AT5G62670	AT5G62680	8709	5969	2782	40	A	1	0	1	1
AT2G17140	AT2G17150	8777	4090	4900	211	A	1	0	1	1
AT3G54450	AT3G54460	8853	3566	5332	43	A	0	0	1	1
AT1G09050	AT1G09060	8858	4144	4763	47	A	1	1	1	1
AT2G25840	AT2G25850	8903	3479	5464	38	A	1	1	1	1
AT2G34780	AT2G34790	8958	5465	3559	64	A	0	0	1	1
AT2G40720	AT2G40730	8968	2583	6387	0	A	0	1	1	1
AT5G08695	AT5G08710	9021	5503	3566	46	A	1	1	1	0
AT5G61980	AT5G61990	9078	5921	3526	367	A	1	1	1	1
AT3G21180	AT3G21190	9084	6890	2245	49	A	0	0	1	1
AT3G12020	AT3G12030	9095	9167	698	697	B	1	1	1	1
AT2G25530	AT2G25540	9184	3852	5422	88	A	1	1	1	1
AT1G74750	AT1G74770	9203	3890	5785	470	A	1	1	1	1
AT3G18100	AT3G18110	9217	4229	5026	36	A	1	1	1	1
AT1G76780	AT1G76790	9222	7823	1402	1	A	1	1	1	1
AT3G15870	AT3G15880	9360	1657	8168	463	A	1	0	0	0
AT3G20430	AT3G20440	9372	2096	7296	18	A	0	1	1	1
AT1G44120	AT1G44130	9377	7565	1929	115	A	0	0	0	1
AT2G42270	AT2G42280	9411	7258	2237	82	A	1	0	1	1
AT5G67100	AT5G67110	9478	9479	1326	1325	A	1	1	1	1
AT3G06810	AT3G06820	9612	4369	5251	6	A	1	1	1	1
AT5G57150	AT5G57160	9652	2799	6862	7	A	1	0	1	1
AT1G23935	AT1G23950	9660	7817	1885	40	A	1	1	1	1
AT5G52280	AT5G52290	9721	3411	6331	19	A	0	0	1	1
AT5G63960	AT5G63970	9792	7328	2489	23	A	1	1	1	1
AT1G22050	AT1G22060	9863	1477	8477	89	A	1	0	1	1
AT3G22780	AT3G22790	9879	3317	6564	0	A	1	1	1	1
AT1G01040	AT1G01050	9996	8107	1910	19	A	1	1	1	1
AT3G60961	AT3G60965	10074	11211	9903	9902	B	1	0	0	0
AT4G16310	AT4G16330	10115	8293	2245	421	A	1	1	1	1
AT3G33530	AT3G33520	10238	8352	1909	21	A	1	1	1	1
AT5G10540	AT5G10550	10285	10160	2473	2346	A	1	1	1	1
AT1G17750	AT1G17760	10294	3798	6509	11	A	1	0	1	1
AT5G01760	AT5G01770	10328	2618	8341	629	A	1	0	1	1
AT1G31800	AT1G31810	10408	3236	7203	29	A	1	0	1	1
AT1G01310	AT1G01320	10423	977	9511	63	A	1	0	1	1
AT3G07970	AT3G07980	10447	2701	7758	10	A	0	0	0	1
AT4G11660	AT4G11670	10540	2080	8922	460	A	1	1	1	1
AT3G12810	AT3G12820	10601	9153	1789	339	A	1	0	1	1
AT1G59750	AT1G59760	10673	4928	5766	19	A	1	1	1	1
AT5G53430	AT5G53440	11102	6977	4757	630	A	1	1	1	1
AT1G16790	AT1G16800	11133	925	10985	775	A	1	0	1	1
AT4G31210	AT4G31230	11167	7609	4061	501	A	0	0	1	1
AT2G22610	AT2G22620	11241	5357	5890	4	A	0	0	1	1
AT4G17600	AT4G17610	11438	1787	10109	456	A	0	0	1	1
AT2G37280	AT2G37290	11566	6489	5309	230	A	1	0	1	1
AT2G46020	AT2G46030	11605	9523	2120	36	A	1	1	1	1
AT3G60910	AT3G60920	11700	1829	9917	44	A	0	0	1	1
AT1G08830	AT1G08840	11737	2132	9751	144	A	1	1	1	1
AT1G32740	AT1G32750	12105	1688	10519	100	A	1	1	1	1
AT1G08600	AT1G08610	12142	9952	2224	32	A	1	0	1	1
AT2G22125	AT2G22140	12652	8520	4155	21	A	0	1	1	1
AT2G25650	AT2G25660	13116	1579	12396	857	A	1	0	1	1
AT5G40440	AT5G40450	14260	3200	11239	177	A	0	1	1	1
AT1G21640	AT1G21650	15641	4294	11566	217	A	1	1	1	1
AT1G79270	AT1G79280	17503	4209	14004	708	A	1	1	1	1
AT1G08260	AT1G08270	18653	18039	1239	623	A	1	1	1	1
AT2G34100	AT2G34110	20938	13956	10767	3783	A	0	0	1	1
