id1	id2	promoterdis	length1	length2	overlap	goverlap	sin1	sin2	sin3	snuc	sex	asex
AT1G27920	AT1G27921	3769	3194	3818	3193	B	1	1	1	1	0.00850655515139967	1.42454745781153
AT1G33420	AT1G33415	4586	2691	7662	2690	B	1	1	1	1	0.0668841699682373	0.769347748575435
AT2G26360	AT2G26355	2692	1885	828	19	D	1	0	1	1	0.276958746082538	0.717012364461855
AT5G10970	AT5G10965	2821	819	4598	818	B	0	0	1	1	0.00267145391207711	0.704336391082209
AT1G56610	AT1G56612	3688	2844	1783	937	C	1	1	1	1	0.174323774668102	0.630092424174915
AT1G75300	AT1G75295	1735	1556	2417	1555	B	1	1	1	1	0.00917356289257115	0.62470338395239
AT1G75290	AT1G75295	3514	1452	2417	353	C	1	1	1	1	0.0364932049844214	0.62470338395239
AT5G64000	AT5G09175	2201	2007	2435	2006	B	0	0	1	1	0.0293882541026003	0.582703784932181
AT5G18240	AT5G18245	2777	2368	5323	2367	B	0	1	1	1	0.00378386071053414	0.573409757221251
AT3G05930	AT3G05932	3124	1073	3223	1072	B	1	1	1	1	0	0.523847370313518
AT5G18260	AT5G18255	2494	1905	2033	1442	D	1	1	1	1	0.0997607806548632	0.490663520075032
AT1G03410	AT1G04183	2006	3248	2007	2006	A	0	0	1	1	0.0972277809897934	0.466275242235548
AT3G48120	AT3G48115	826	2642	1757	826	D	0	1	1	1	0.410514012036154	0.454951506844126
AT5G66560	AT5G66558	2605	2520	2884	2519	B	1	1	1	1	0.197048334388759	0.428389898955948
AT5G48770	AT5G48775	4398	4126	4388	4114	D	0	0	1	1	0.00785487769219482	0.419644460518289
AT5G45470	AT5G45472	3493	3058	9515	3057	B	1	1	1	1	0.144641326604437	0.371217272440737
AT5G45480	AT5G45472	7530	2981	9515	2980	B	1	1	1	1	0.144129917584265	0.371217272440737
AT1G67790	AT1G67792	2721	2558	2875	2557	B	1	1	1	1	0	0.341055059846625
AT1G72860	AT1G72855	4832	4719	3009	2894	D	1	1	1	1	0.00696315793138504	0.338783579872714
AT1G64580	AT1G64572	2751	1973	785	5	D	1	1	1	1	0.0339314479848267	0.331074111962334
AT1G44120	AT1G44125	6769	7565	6588	6587	A	1	0	1	1	0.00302839239001333	0.328484699747693
AT2G42370	AT2G42365	2664	2200	5378	2199	B	0	0	1	1	0.0624912277775846	0.304520395142246
AT2G42360	AT2G42365	5452	1245	5378	1169	C	0	0	1	1	0	0.304520395142246
AT2G31900	AT2G08485	687	10100	340	339	A	0	0	1	1	0.128757543538218	0.288735666535428
AT4G16670	AT4G06410	2152	2636	1092	1091	A	0	0	1	1	0.116652047097814	0.282241964421876
AT1G51402	AT1G07743	1538	1343	1013	816	C	0	0	1	1	0.0177348718687055	0.274527747036483
AT2G46570	AT2G46572	2833	2798	2972	2797	B	1	1	1	1	0	0.263773046610258
AT2G33050	AT2G33051	3413	2509	3587	2508	B	0	1	1	1	0.00890375221926024	0.254839808899306
AT2G31750	AT2G31751	5000	2954	5136	2953	B	1	1	1	1	0.23863102628593	0.253748070658621
AT5G38210	AT5G38212	4869	4881	4956	4869	D	0	0	1	1	0.345819411189523	0.233731375853347
AT2G45243	AT2G45245	598	601	2060	598	D	0	0	0	1	0	0.229704187851802
AT1G68290	AT1G08973	1764	1768	1882	1764	D	0	0	1	1	0.00302858132770583	0.22096237687284
AT4G39840	AT4G39838	1969	2049	2077	1969	D	1	1	1	1	0.390914453182574	0.218989881533212
AT1G78270	AT1G78265	1866	1855	1865	1852	D	1	1	1	1	0.0227105759494014	0.197903959408923
AT5G58540	AT5G08835	425	2182	487	425	D	0	0	1	1	0.0687799557059901	0.194402117760085
AT4G13920	AT4G13918	3373	2757	3590	2756	B	1	0	1	1	0.0226887312672702	0.191660460968969
AT1G28815	AT1G28715	7254	701	7116	561	C	0	0	1	1	0.00741132777181623	0.187018925869757
AT3G52070	AT3G52072	1967	749	2624	748	B	0	0	1	1	0.0385325272328636	0.182582663726461
AT3G63440	AT3G63445	2233	2380	3801	2233	D	0	1	1	1	0.0139458343792709	0.17981927726745
AT1G17230	AT1G17232	4516	4526	4517	4516	A	0	0	1	1	0.0187417077736604	0.176904990145943
AT4G37430	AT4G37432	1819	1849	1957	1819	D	1	1	1	1	0.0734832251367359	0.175783842104026
AT1G07725	AT1G07728	2287	2472	2415	2287	C	1	1	1	1	0	0.175414139094358
AT1G18420	AT1G18415	2457	2360	2848	2359	B	1	1	1	1	0.00789022673245563	0.170654089171095
AT1G05230	AT1G04353	6282	6005	1945	1666	D	0	0	1	1	0.00757540968051426	0.170414783728765
AT1G26220	AT1G26208	358	753	5514	358	D	0	0	1	1	0	0.165414129872931
AT1G26210	AT1G26208	4429	1169	5514	1168	B	1	0	1	1	0	0.165414129872931
AT3G56410	AT3G56408	5866	5167	6031	5166	B	1	1	1	1	0.402534943640638	0.163014243600974
AT1G69588	AT1G69587	1347	884	3824	883	B	1	1	1	1	0.00828126488039783	0.161389437636642
AT5G41610	AT5G41612	3581	3632	2956	2955	A	1	1	1	1	0.0231821701293101	0.151231170402448
AT2G21185	AT2G21187	632	452	1206	451	B	0	1	1	1	0.00859321359549509	0.148245954049363
AT3G41762	AT3G06325	307	1419	308	307	A	0	0	1	1	0	0.145353757487355
AT1G79720	AT1G09913	664	1889	434	433	A	0	0	1	1	0	0.141470735463662
AT4G26790	AT4G26795	2180	1920	2429	1919	B	0	0	1	1	0.0187459619519678	0.13380583364437
AT1G71530	AT1G71528	3385	3386	3453	3385	B	1	1	1	1	0.0905007352459202	0.125698986016878
AT2G44260	AT2G44255	1875	1884	2103	1875	D	1	0	1	1	0.019414578846566	0.116081909978055
AT1G79510	AT1G09863	3291	1976	2745	1428	D	0	0	1	1	0.0148903918257705	0.111498874961801
AT2G05810	AT2G05812	2825	3200	3115	2825	C	0	1	1	1	0.0838996560114104	0.108371495918005
AT2G20500	AT2G07305	941	925	967	924	B	0	0	1	1	0.0170802755247358	0.105765322988374
AT2G20510	AT2G07305	3607	2693	967	51	D	0	0	1	1	0	0.105765322988374
AT1G06000	AT1G06002	1620	1568	1634	1567	B	1	1	1	1	0.24271799269735	0.104981712286569
AT4G27860	AT4G27852	116	2735	1885	116	D	0	0	1	1	1.46802735277516	0.103565784555033
AT4G27850	AT4G27852	3531	3134	1885	1486	C	0	1	1	1	0	0.103565784555033
AT4G38540	AT4G38545	2128	1781	2367	1780	B	1	0	1	1	0.373692110659042	0.103328050482814
AT4G38530	AT4G38545	4731	2419	2367	53	C	0	0	0	1	0.00377028412861193	0.103328050482814
AT2G30360	AT2G30362	1822	1867	2735	1822	C	1	1	1	1	0.696076474748844	0.102458159194787
AT2G45310	AT2G45315	1991	1962	1984	1953	C	1	1	1	1	0.042535296982612	0.102220940422417
AT3G24020	AT3G04615	797	942	832	797	D	0	0	1	1	0.0958588654855659	0.101838551783136
AT3G24520	AT3G24518	1807	1809	4614	1807	D	1	1	1	1	0.32836640966279	0.0998050009156052
AT3G41762	AT3G41761	948	1419	162	161	A	1	0	1	1	0	0.0953178750376948
AT4G36030	AT4G36032	2357	2441	2389	2357	C	1	1	1	1	0.0312674879704171	0.0911633076102634
AT2G24540	AT2G24545	1313	1246	2356	1245	B	1	1	1	1	0.0809123696519417	0.0879192445620693
AT2G24535	AT2G24545	2973	1077	2356	458	C	0	0	1	1	0.0379355954358391	0.0879192445620693
AT1G17250	AT1G17255	3467	2271	3802	2270	B	0	0	1	1	0	0.0873258490594515
AT5G66280	AT5G09595	1379	1354	1637	1353	B	0	0	1	1	0.093545461721173	0.0860832131488264
AT5G54570	AT5G54569	2962	2600	3338	2599	B	0	1	1	1	0	0.0846333724386455
AT3G01930	AT3G01065	1023	2630	507	506	A	0	0	1	1	0.280033683561367	0.0837165003253858
AT2G39930	AT2G09090	6420	6471	1249	1248	A	0	0	1	1	0.395963106720311	0.0805894213326439
AT4G38550	AT4G38552	3107	3118	3178	3107	D	1	0	1	1	0.217096323548209	0.079097249653302
AT5G59730	AT5G59732	2215	2211	2254	2210	B	1	1	1	1	0.143198229706022	0.0749885497958976
AT1G04290	AT1G04295	752	1237	655	654	A	0	1	1	1	0.12312845419341	0.0749222795212543
AT4G26090	AT4G26095	3284	3535	3419	3284	D	1	1	1	1	0.0542464044851042	0.0742236798266127
AT4G23890	AT4G07190	603	877	760	603	C	0	0	1	1	0.0287643794143449	0.0733733796064419
AT5G20940	AT5G03255	2803	2908	2936	2803	C	0	0	1	1	0	0.0727566635744211
AT2G13660	AT2G13665	926	920	917	909	D	1	1	1	1	0.0243085077332237	0.0716797296191016
AT1G07130	AT1G07128	958	958	1169	957	B	1	1	1	1	0.0910487865239322	0.0684364357032272
AT5G41320	AT5G06155	1350	2059	1051	1050	A	0	0	1	1	0	0.0646834714325448
AT3G52540	AT3G52535	2764	1348	1423	5	D	0	0	1	1	0	0.063802887362932
AT1G76880	AT1G76878	2944	2912	2954	2911	B	1	1	1	1	1.80012821497739	0.0628022192518679
AT5G15850	AT5G15845	4816	1807	5211	1806	B	0	0	1	1	0	0.0621759394387085
AT5G07150	AT5G07152	2544	2545	2593	2544	B	1	1	1	1	0.11198966350423	0.0604690518316896
AT1G72850	AT1G72852	2169	1603	1756	1188	C	1	1	1	1	0.0327455040497533	0.0596649621826263
AT1G51640	AT1G51645	2834	2528	2835	2527	B	0	1	1	1	0.0102799962580814	0.059131600496752
AT3G62090	AT3G09745	2082	2163	2341	2082	C	0	0	1	1	0.438125666322123	0.0576936444794914
AT1G67370	AT1G67365	5442	4721	936	213	D	1	0	1	1	0.0087659013450399	0.0576371667229509
AT1G48700	AT1G48698	2760	2223	2392	1853	D	0	0	1	1	0	0.0575479262287175
AT5G05430	AT5G05435	335	1438	1362	335	C	0	0	0	1	0	0.055897864570326
AT1G01750	AT1G04053	1131	1123	847	837	C	0	0	1	1	0.30078438645845	0.0558822774987983
AT1G16490	AT1G16489	1905	1434	1949	1433	B	1	1	1	1	0.0310204361759586	0.0557361050333517
AT4G31400	AT4G31398	2283	2133	921	769	C	0	0	1	1	0.0319598851429774	0.0556429497280733
AT1G15000	AT1G15002	1959	1454	2056	1453	B	0	0	1	1	0.0240587661715677	0.0538324641944673
AT3G46660	AT3G46658	2328	1904	2511	1903	B	1	1	1	1	0	0.0534318649963389
AT1G80320	AT1G80325	1289	1115	3467	1114	B	1	0	1	1	0.0330274986954138	0.0528027018426444
AT1G80310	AT1G80325	3186	1669	3467	1668	B	1	0	1	1	0.143950157986055	0.0528027018426444
AT5G01210	AT5G01215	1779	1780	1793	1779	B	1	0	1	1	0.205120980483469	0.0517361470059212
AT5G01180	AT5G01175	3728	2920	1007	197	D	1	0	1	1	0	0.0516851565275782
AT5G53050	AT5G53048	3632	3330	1990	1686	D	1	0	1	1	0.273316309542344	0.0486237042308481
AT3G22070	AT3G22072	751	781	852	751	C	1	1	1	1	0.0569998173805025	0.0484207508264718
AT4G40080	AT4G40085	1388	1404	1509	1388	D	0	0	1	1	0.541239197817412	0.0482498305324428
AT1G26220	AT1G26218	1163	753	1216	752	B	0	1	1	1	0	0.0478543487361647
AT1G08590	AT1G08592	3372	3743	3295	3294	A	0	1	1	1	0.053137411777212	0.0460960638643362
AT2G23670	AT2G23672	788	679	1014	678	B	0	0	1	1	0.0120529558668968	0.0441709287430395
AT4G30970	AT4G30975	163	5323	3652	163	C	0	0	1	1	0	0.041667452478037
AT1G53500	AT1G07893	2074	2814	1439	1438	A	0	0	1	1	0.544677467816816	0.0366265646864005
AT5G58570	AT5G08840	229	593	425	229	C	0	0	1	1	0	0.0351863311904305
AT5G09445	AT5G09443	817	922	1051	817	D	0	0	1	1	0.0218967514243475	0.0339470968442779
AT4G04220	AT4G04221	3327	2779	3328	2778	B	0	0	1	1	0.0114135238387424	0.033450516182303
AT4G38210	AT4G38215	1060	1218	1340	1060	C	1	1	1	1	0.0283909432890908	0.0325339768998607
AT2G01410	AT2G03975	1205	1296	1129	1128	A	0	0	1	1	0.110017765857463	0.0314032966992344
AT2G19570	AT2G19572	1338	1221	1572	1220	B	1	1	1	1	1.21803660851536	0.0312122613778089
AT1G23050	AT1G23052	828	825	828	823	C	0	1	1	1	0.0243997657622487	0.0308251110396697
AT4G40063	AT4G40065	515	249	1083	248	B	0	0	0	1	0	0.0304749830863844
AT1G48320	AT1G48315	1655	903	1901	902	B	0	1	1	1	0.397719226406607	0.0296238716585721
AT1G78130	AT1G09783	1535	1763	1582	1535	D	0	0	1	1	0.270817735095337	0.0285860696691696
AT1G02310	AT1G04103	1709	2699	2800	1709	C	0	0	1	1	0.097736697164779	0.0280996123538814
AT1G31490	AT1G31485	1550	2067	1332	1331	A	1	0	0	1	0	0.0276201241393803
AT3G45290	AT3G07105	3139	3973	294	293	A	0	0	1	1	0.0119152302856557	0.0275342166207899
AT5G60020	AT5G60022	2275	2487	3121	2275	D	0	0	1	1	0.0208405678189598	0.0271780198721805
AT4G28650	AT4G28652	2862	3580	2743	2742	A	1	1	1	1	0.152636637248837	0.0262156182167088
AT2G35940	AT2G35945	1788	3403	1246	1245	A	0	0	1	1	0.489163627621045	0.0256912667760739
AT1G12150	AT1G04933	2010	2122	1450	1449	A	0	0	1	1	0.0103808683854553	0.0241808563496344
AT5G01600	AT5G01595	2688	1696	2315	1321	D	1	1	1	1	0.643787278334897	0.0237802740480366
AT3G03700	AT3G03702	2452	2056	2582	2055	B	0	1	0	1	0.00403534783990705	0.0237460275382047
AT4G20360	AT4G20362	2332	2600	2335	2332	D	1	0	1	1	0.287041040848473	0.0234821909576358
AT4G20350	AT4G20362	4205	1911	2335	39	C	1	0	1	1	0.103836004093467	0.0234821909576358
AT5G02760	AT5G00875	131	1767	1270	131	D	0	0	1	1	0	0.0233098234808583
AT2G47900	AT2G47895	3309	2327	1002	18	D	1	0	1	1	0.698472972878166	0.0228636230611648
AT1G03550	AT1G03545	2015	2334	2032	2015	C	0	1	1	1	1.2011470998221	0.0227293906932237
AT5G52100	AT5G07885	1985	2140	2106	1985	D	0	0	1	1	0	0.0222320621656882
AT5G64570	AT5G64572	3037	3183	1436	1435	A	1	0	1	1	1.32516087843814	0.0220569265535952
AT3G05900	AT3G05905	3080	2762	3308	2761	B	1	1	1	1	0.414370863777109	0.0220302867812659
AT5G19220	AT5G19221	2866	2985	2386	2385	A	1	0	1	1	0.0671187998426351	0.0216622436391013
AT1G55265	AT1G08043	927	688	918	677	C	0	0	1	1	0.0920013477738042	0.0173637094310941
AT3G52610	AT3G52605	852	2161	998	852	D	1	0	1	1	0.0970135998774099	0.0168630778400289
AT4G26510	AT4G26488	5	6676	1540	5	D	0	1	1	1	0.137492046281048	0.0167485671600795
AT4G26490	AT4G26488	1283	1032	1540	1031	B	0	1	1	1	0.0050491993989433	0.0167485671600795
AT1G17860	AT1G05347	888	715	885	710	C	0	0	1	1	0.421455724763765	0.0153555107857108
AT1G07120	AT1G07119	2309	1869	3624	1868	B	1	0	1	1	0	0.0152302973258644
AT3G11570	AT3G02465	1391	2521	475	474	A	0	0	1	1	0.0465692708655413	0.0152052022141705
AT1G10120	AT1G04773	1008	2918	741	740	A	0	0	0	1	0.974031341495059	0.0151668658581716
AT4G22370	AT4G07085	1304	1434	578	577	A	0	0	0	1	0	0.0150360345618657
AT2G19580	AT2G19582	1548	3020	1617	1548	C	0	0	1	1	0.294691330775972	0.0150293067824117
AT1G67330	AT1G67328	1188	1116	1438	1115	B	1	0	1	1	0.132430818961051	0.0150099440879583
AT4G31250	AT4G31248	2805	3013	1672	1671	A	0	1	1	1	0.122337544407656	0.0146354599632357
AT4G21065	AT4G06980	33	2018	568	33	D	0	0	1	1	0.00401346464450926	0.0145399486922121
AT4G03140	AT4G04435	1398	1722	936	935	A	0	0	1	1	0.0874459782218238	0.0143836877473994
AT5G67490	AT5G67488	1080	800	1000	718	D	1	1	1	1	0.429864084314544	0.0134561991307873
AT2G26690	AT2G26692	476	3745	777	476	C	1	0	1	1	0.342805142901715	0.0128080496030145
AT1G01725	AT1G04047	704	938	451	450	A	0	0	1	1	0.153349893240718	0.0127746706527792
AT2G33810	AT2G33815	1052	1072	1046	1045	A	0	0	0	1	0	0.0126099835943018
AT5G10695	AT5G01815	357	445	441	357	D	0	0	1	1	0.177723167471597	0.0122153816085214
AT1G28680	AT1G28685	1454	1724	1721	1454	D	1	1	1	1	0.651458079285201	0.011692882154844
AT5G44566	AT5G44569	497	180	705	179	B	0	0	1	1	0	0.0107959877661705
AT5G41860	AT5G06235	878	768	853	741	C	0	0	1	1	0.0356794644387811	0.00995746476131907
AT3G46845	AT3G07555	1102	1408	563	562	A	0	0	1	1	0.395420309758577	0.00916304726299778
AT2G35660	AT2G08740	1636	2003	297	296	A	0	0	1	1	0.0209788036416872	0.00909933942742898
AT2G02720	AT2G04285	1713	2101	790	789	A	0	0	0	1	0	0.00886758306667022
AT1G09860	AT1G04743	1102	1396	1030	1029	A	0	0	1	1	0	0.00863211232104552
AT2G37360	AT2G37362	2278	2417	2523	2278	C	1	0	1	1	0.046311423476954	0.00833890650251251
AT4G30662	AT4G08315	475	882	454	453	A	0	0	1	1	0	0.00793256371133285
AT3G21215	AT3G04065	4183	3862	593	270	D	0	0	1	1	1.64002801824394	0.00765693852626904
AT4G21310	AT4G06995	696	1038	458	457	A	0	0	1	1	0	0.00710328676181756
AT4G17280	AT4G06685	697	1544	655	654	A	0	0	1	1	0.195882060075943	0.00676300651634468
AT5G59450	AT5G08920	1611	2324	1587	1586	A	0	0	1	1	0.476400909347499	0.00657137299638837
AT4G37890	AT4G37895	1539	2352	1634	1539	C	0	0	1	1	0.108394672999223	0.00644160555730195
AT4G25720	AT4G25719	2806	2783	1230	1205	D	1	1	1	1	0.441697190741657	0.00634228377075225
AT2G45530	AT2G09640	1428	948	1256	774	C	0	0	1	1	0.0626849205155208	0.00629325462604606
AT3G15518	AT3G03125	288	556	595	288	D	0	0	1	1	0.0533945744665059	0.00620401146647432
AT2G14120	AT2G14115	6841	6014	844	15	D	1	1	1	1	0.759806723905724	0.00583024087640181
AT1G71480	AT1G09253	407	1247	397	396	A	0	0	1	1	0.00317685420272396	0.00558869372428963
AT3G02910	AT3G01205	1119	966	1171	965	B	0	0	1	1	0.588863206644881	0.00507590766111819
AT1G11090	AT1G04837	1164	1146	1243	1145	B	0	0	1	1	0.0729250979867361	0.0050491993989433
AT4G26540	AT4G26542	2691	3585	2764	2691	C	1	1	1	1	0.606385172903227	0.00497626322441952
AT5G47640	AT5G07015	362	1039	441	362	D	0	0	1	1	0.125224345815582	0.00440476630952821
AT3G63470	AT3G09965	1895	2487	462	461	A	0	0	1	1	0.117022033527533	0.00412745583622255
AT3G17890	AT3G03595	1218	1315	241	240	A	0	0	0	1	0.0978690084784433	0.00394338329705939
AT5G59660	AT5G59662	4880	4330	1389	837	C	0	0	1	1	0.137059648350639	0.003698662563617
AT2G37340	AT2G08865	1303	2555	852	851	A	0	0	0	1	1.22570631007362	0.00363467186182431
AT5G28919	AT5G04905	1593	1548	1859	1547	B	0	0	1	1	0.195004518937899	0.00331485302770388
AT1G74420	AT1G09453	2241	2195	934	886	D	0	0	1	1	0	0.00323803158764574
AT1G32460	AT1G06573	1083	1047	1023	985	C	0	0	1	1	1.02550105058744	0.00306348052438209
AT1G04220	AT1G04247	2561	3005	2302	2301	A	0	0	1	1	0.571634617444887	0.00283972180273131
AT1G05835	AT1G04433	467	568	331	330	A	0	0	0	1	0.0115910850646551	0.00278418221480789
AT2G17972	AT2G07015	515	674	505	504	A	0	0	1	1	0.00238874480776457	0.00195499217025636
AT2G07785	AT2G05255	482	902	333	332	A	0	0	0	1	0.0282287212862744	0.00142491875113281
AT1G68940	AT1G09023	4750	4623	4943	4622	B	0	0	1	1	0.108068463866128	0.00133450235739841
AT2G01870	AT2G04145	230	936	280	230	C	0	0	1	1	0	0
AT5G20650	AT5G03185	280	624	266	265	A	0	0	1	1	1.61941430841756	0
AT1G71430	AT1G09247	281	713	310	281	D	0	0	1	1	0.0386261999482252	0
AT1G48960	AT1G07513	337	1250	369	337	D	0	0	1	1	0.100203663934002	0
AT5G03190	AT5G00905	345	2009	201	200	A	0	0	0	1	0.289849312372968	0
AT3G14467	AT3G02945	346	387	346	345	A	0	0	0	1	0.00154522439130521	0
AT2G47480	AT2G09905	365	792	335	334	A	0	0	1	1	0.00141423112496429	0
AT5G06190	AT5G01205	376	994	205	204	A	0	0	0	1	0.0820270885424631	0
AT3G05010	AT3G01545	391	2191	435	391	D	0	0	1	1	0.192984473386745	0
AT1G03660	AT1G04203	418	2499	206	205	A	0	0	0	1	0.0479175052230081	0
AT1G02430	AT1G04123	445	1283	304	303	A	0	0	1	1	0	0
AT3G07120	AT3G01935	457	1264	503	457	D	0	0	1	1	0.00184781752086466	0
AT1G59850	AT1G08273	466	1753	495	466	C	0	0	0	1	0	0
AT3G22210	AT3G04255	468	684	253	252	A	0	0	1	1	0.00246686783505228	0
AT4G01026	AT4G03845	469	1365	269	268	A	0	0	0	1	0.0920085167172204	0
AT1G22500	AT1G05753	532	1376	548	532	D	0	0	1	1	0.171054649878575	0
AT4G33240	AT4G08775	545	9116	387	386	A	0	0	1	1	0.594304464691462	0
AT1G74360	AT1G09437	561	3986	327	326	A	0	0	0	1	0.108588050202088	0
AT1G70340	AT1G09167	566	2712	299	298	A	0	0	1	1	0.00884426661572369	0
AT5G16560	AT5G02555	569	4904	435	434	A	0	0	1	1	0.2174812687598	0
AT1G78040	AT1G09773	576	2645	841	576	D	0	0	1	1	3.09470425213972	0
AT1G50900	AT1G07693	579	926	281	280	A	0	0	0	1	0.0375404228710965	0
AT5G58320	AT5G08830	588	2659	241	240	A	0	0	0	1	0.749934457076366	0
AT3G51970	AT3G08215	589	1244	236	235	A	0	0	1	1	0.0139914104613576	0
AT1G49360	AT1G07547	601	2235	591	590	A	0	0	1	1	0.363073735403434	0
AT1G06460	AT1G04467	625	2393	472	471	A	0	0	0	1	0.0200201191719859	0
AT4G22235	AT4G22233	625	704	1022	625	D	0	0	1	1	0.0319856752667298	0
AT5G56220	AT5G08445	670	4073	633	632	A	0	0	1	1	0.257319841957153	0
AT3G19000	AT3G19002	696	1511	1482	696	C	1	0	1	1	0.238813690645498	0
AT1G55190	AT1G08037	703	803	782	703	D	0	0	1	1	0.219405410089334	0
AT2G41110	AT2G09225	705	1117	609	608	A	0	0	1	1	1.13851000313495	0
AT4G02040	AT4G04055	706	801	782	706	D	0	0	1	1	0.0243482765986127	0
AT4G12050	AT4G05945	717	2515	207	206	A	0	0	1	1	0.208716495104352	0
AT3G58540	AT3G09135	720	830	271	270	A	0	0	0	1	0.0169278460398194	0
AT2G38340	AT2G08960	721	1220	205	204	A	0	0	0	1	0.00259144228015823	0
AT3G55310	AT3G08470	734	1283	329	328	A	0	0	1	1	0.0349010070014871	0
AT2G47380	AT2G09885	739	1125	769	739	D	0	0	1	1	1.18469762509461	0
AT4G01575	AT4G03895	739	740	799	739	B	0	0	1	1	0.02850259535312	0
AT4G01897	AT4G04005	754	1140	392	391	A	0	0	0	1	0.262503020781925	0
AT4G21550	AT4G07020	755	5711	309	308	A	0	0	0	1	0.0207897980935184	0
AT3G49670	AT3G49668	765	3366	757	756	A	1	1	1	1	0.160123307306326	0
AT2G37550	AT2G37555	795	2414	1558	795	C	1	1	1	1	0.735963327079926	0
AT2G16365	AT2G06615	798	5401	204	203	A	0	0	1	1	0.409916796860108	0
AT5G23230	AT5G03585	811	780	1099	779	B	0	0	1	1	0.0347217281423806	0
AT1G50010	AT1G07603	817	2311	600	599	A	0	0	1	1	1.88748204709063	0
AT1G29050	AT1G06217	837	2889	432	431	A	0	0	0	1	1.07226111135643	0
AT3G58710	AT3G09145	848	1859	345	344	A	0	0	1	1	1.04774675781835	0
AT3G12500	AT3G12502	860	1568	1099	860	C	0	0	1	1	0.435091450377566	0
AT1G09610	AT1G04707	864	1070	874	864	D	0	0	0	1	0	0
AT1G18390	AT1G18382	883	4225	860	859	A	0	0	1	1	0.408468616111663	0
AT3G29637	AT3G05855	923	1016	334	333	A	0	0	0	1	0	0
AT1G77990	AT1G77992	941	5586	948	941	C	0	0	1	1	0.033094829925669	0
AT3G62580	AT3G09795	946	994	387	386	A	0	0	1	1	0.636141622015539	0
AT5G39670	AT5G05995	951	889	936	872	C	0	0	1	1	0.0617096576427112	0
AT4G36770	AT4G09385	968	1552	620	619	A	0	0	0	1	0	0
AT3G16240	AT3G03265	973	1471	445	444	A	0	0	1	1	1.43684686401422	0
AT1G79700	AT1G09907	1014	3363	355	354	A	0	0	0	1	0.261252578124404	0
AT1G23830	AT1G05837	1019	1129	1005	1004	A	0	0	1	1	0.0250871685627013	0
AT5G25460	AT5G03985	1024	2258	1377	1024	D	0	0	0	1	1.49069107027654	0
AT2G41180	AT2G41178	1038	920	1361	919	B	0	0	1	1	0.00181907978211062	0
AT3G05880	AT3G01795	1038	1428	262	261	A	0	0	1	1	4.74087802414308	0
AT1G26100	AT1G05977	1044	1477	472	471	A	0	0	1	1	0.0744538926649015	0
AT1G08315	AT1G04647	1050	1093	1108	1050	C	0	0	1	1	0.131721087793017	0
AT1G56010	AT1G08087	1077	2561	809	808	A	0	0	0	1	0.769163786626793	0
AT1G74660	AT1G09497	1120	2818	248	247	A	0	0	0	1	0.79932839559995	0
AT2G34180	AT2G08655	1124	1722	665	664	A	0	0	0	1	0.00230287425189691	0
AT5G18470	AT5G02895	1127	1339	1169	1127	D	0	0	1	1	0.0646651121641803	0
AT2G22850	AT2G07850	1139	2334	856	855	A	0	0	1	1	0.0772240980990326	0
AT1G75440	AT1G09553	1172	1595	390	389	A	0	0	1	1	0.836967537507931	0
AT4G15820	AT4G06340	1203	2219	1193	1192	A	0	0	0	1	0.175014740857818	0
AT2G40815	AT2G09200	1262	1655	587	586	A	0	0	1	1	0.0202946134285782	0
AT4G16680	AT4G06415	1262	4334	467	466	A	0	0	1	1	0.397881083744916	0
AT2G35860	AT2G35859	1287	2298	1764	1287	D	0	1	1	1	0.709270736701655	0
AT4G34131	AT4G08935	1292	1761	283	282	A	0	0	1	1	0.140463047027727	0
AT1G06923	AT1G04533	1303	901	560	156	C	0	0	1	1	0.0586289923654873	0
AT1G16890	AT1G05277	1321	2055	729	728	A	0	0	0	1	1.38964047295226	0
AT1G52580	AT1G07823	1321	1450	1307	1306	A	0	0	0	1	0	0
AT3G59940	AT3G09275	1377	1449	1389	1377	D	0	0	1	1	0.114754087894249	0
AT5G06860	AT5G06865	1395	1188	1550	1187	B	1	1	1	1	0.271792324842183	0
AT3G51240	AT3G51238	1407	1378	1670	1377	B	1	1	1	1	1.04542402146611	0
AT3G17800	AT3G03535	1434	1893	597	596	A	0	0	1	1	0.505657954020698	0
AT2G47580	AT2G09945	1435	1685	1034	1033	A	0	0	1	1	0.20370763915902	0
AT1G20520	AT1G20515	1489	696	1981	695	B	0	0	1	1	0	0
AT3G01200	AT3G01202	1512	1769	1562	1512	C	1	0	1	1	0.313711669118849	0
AT4G36810	AT4G36808	1528	1798	1650	1528	D	1	1	1	1	0.113071406344118	0
AT4G11660	AT4G05910	1531	2080	352	351	A	0	0	0	1	0.127887614456632	0
AT3G21780	AT3G21781	1615	1616	1616	1615	E	0	0	1	1	0	0
AT3G45600	AT3G07205	1633	2079	1069	1068	A	0	0	0	1	1.04250336792767	0
AT4G38250	AT4G09695	1641	1576	1642	1575	B	0	0	1	1	0.534609505586697	0
AT1G53480	AT1G07887	1645	1666	1039	1038	A	0	0	1	1	0.401050925132864	0
AT4G13510	AT4G13505	1708	1703	1892	1702	B	0	0	1	1	0.348419519340874	0
AT2G43350	AT2G09455	1777	1956	381	380	A	0	0	1	1	0.445306229049978	0
AT4G02620	AT4G04225	1781	2055	425	424	A	0	0	1	1	1.34815751430427	0
AT5G03670	AT5G03668	1821	3094	1867	1821	D	1	1	1	1	0.531618450491424	0
AT4G38180	AT4G09685	1826	3230	1791	1790	A	0	0	1	1	0.0389519665418214	0
AT4G33300	AT4G08785	1943	6071	2029	1943	C	0	0	1	1	1.08974823488498	0
AT1G02420	AT1G04117	1961	1572	1541	1150	C	0	0	1	1	0.0214480891897341	0
AT5G42090	AT5G42092	1987	2560	1891	1890	A	1	1	1	1	0.922885359390144	0
AT1G06790	AT1G04507	2053	2605	248	247	A	0	0	0	1	0.207720680210182	0
AT1G71490	AT1G09257	2079	2921	742	741	A	0	0	0	1	0	0
AT2G16910	AT2G06795	2089	2534	440	439	A	0	0	0	1	0	0
AT1G69570	AT1G69572	2164	2188	1241	1240	A	1	0	1	1	0.0177968560074177	0
AT2G04850	AT2G04852	2182	1434	1318	568	C	1	1	1	1	0.00610263285889431	0
AT2G31390	AT2G08435	2218	2779	1754	1753	A	0	0	1	1	2.08310141179767	0
AT2G20720	AT2G07335	2252	2299	1732	1731	A	0	0	0	1	0.0532129963544145	0
AT3G54630	AT3G54625	2258	1912	2351	1911	B	0	1	1	1	0.00315377026928152	0
AT4G25480	AT4G07385	2259	1391	898	28	D	0	0	1	1	0.00349906662397805	0
AT1G12820	AT1G04977	2313	2482	638	637	A	0	0	1	1	0.520075482457597	0
AT1G11050	AT1G04833	2338	2357	2348	2338	D	0	0	1	1	0.0948065744890227	0
AT5G24620	AT5G03805	2392	2411	509	508	A	0	0	1	1	2.77669374621367	0
AT5G01540	AT5G01542	2455	2494	2577	2455	C	0	0	0	1	0.0057003280538795	0
AT5G44560	AT5G44562	2475	2473	782	778	C	1	1	0	1	0.118902843677263	0
AT1G17745	AT1G05317	2535	4100	579	578	A	0	0	0	1	1.47536523723922	0
AT1G76390	AT1G09627	2751	3330	2879	2751	D	0	0	1	1	0.184029812342241	0
AT5G23240	AT5G03585	2771	1823	1099	149	D	0	0	1	1	0.0153806709949037	0
AT4G36050	AT4G36052	2845	3282	1153	1152	A	1	0	1	1	0.20281088754422	0
AT1G13450	AT1G13448	2943	2429	687	171	D	1	1	1	1	0.717061500534171	0
AT1G15950	AT1G05213	2944	3337	2457	2456	A	0	0	1	1	1.21001478650947	0
AT3G26680	AT3G05075	2968	3114	523	522	A	0	0	1	1	0.386074077638523	0
AT5G16230	AT5G16235	3040	3184	1452	1451	A	0	1	1	1	0.117076284845903	0
AT1G48100	AT1G07477	3099	3214	802	801	A	0	0	1	1	0.0038124866562967	0
AT1G09420	AT1G09421	3242	3412	696	695	A	0	0	0	1	0.290993673293884	0
AT1G15170	AT1G15175	3509	2340	1415	244	C	0	0	1	1	0.098531064422351	0
AT1G54350	AT1G54355	3509	3554	1823	1822	A	1	1	1	1	0.159214424553917	0
AT1G79530	AT1G79529	3512	3193	749	428	D	1	1	1	1	1.215394786431	0
AT1G76780	AT1G09673	3536	7823	1349	1348	A	0	0	0	1	0.206086253038751	0
AT2G16250	AT2G16245	3677	3673	916	910	D	0	0	0	1	0.0378632552171866	0
AT4G17100	AT4G17098	3888	2591	3069	1770	D	1	1	1	1	0.317132228089693	0
AT2G24740	AT2G24735	3893	2268	5824	2267	B	0	0	0	1	0	0
AT5G01720	AT5G00785	4006	4369	235	234	A	0	0	0	1	0.757111599805138	0
AT5G45040	AT5G06695	4488	1518	3808	836	D	0	0	0	1	0.0126993802702428	0
AT1G61810	AT1G08437	4888	4808	271	189	C	0	0	1	1	0.0620226094229266	0
AT5G63320	AT5G09155	4944	5343	895	894	A	0	0	0	1	1.70893921955693	0
AT5G01730	AT5G01732	5047	5055	3588	3587	A	0	1	1	1	0.137714969892155	0
AT3G06630	AT3G01865	5119	4719	1396	994	D	0	0	1	1	0.00749131008030684	0
AT3G11560	AT3G02455	5172	6292	3030	3029	A	0	0	1	1	0.67652899999089	0
AT5G10140	AT5G01675	6077	6067	6230	6066	B	0	0	1	1	0	0
AT1G66880	AT1G08857	7060	8767	5596	5595	A	0	0	1	1	0.462945952013869	0
